224364474,0.02744537666220297,0.3306072332436871
708869,0.0,0.24844194873514963
53290631,0.0,0.24844194873514963
69275868,0.0,0.24844194873514963
84483675,0.0,0.29240971897997436
97422284,0.0,0.24844194873514963
102624170,0.0008267117862124586,0.296090105415088
113659633,0.0030443059546211263,0.2982749315930626
123773201,0.0,0.2600109976253351
132716869,0.0011544409254744396,0.30708339308671606
143661083,0.08779644540365018,0.34256402384679496
146473100,0.0,0.24844194873514963
151419127,0.0,0.24844194873514963
159914093,0.0,0.24844194873514963
161784606,0.0,0.2600109976253351
178152375,0.0,0.2600109976253351
185049502,0.0,0.24844194873514963
190870115,0.0,0.24844194873514963
192754061,0.0,0.24844194873514963
194639220,0.0,0.2600109976253351
196493464,0.0,0.2600109976253351
209834587,0.22148930390895857,0.40994163573610176
212487510,0.2742778757334271,0.39911019215525634
220108484,0.0,0.24844194873514963
235736209,0.0,0.24844194873514963
249150031,0.0,0.24844194873514963
255007585,0.0,0.24844194873514963
257197049,0.0,0.29240971897997436
263994675,0.007282709045403405,0.29472185169320686
270045448,0.005115921383511485,0.3217129684775752
270534135,0.0,0.24844194873514963
270548207,0.0,0.24844194873514963
274856789,0.0,0.24844194873514963
280935154,0.0,0.24844194873514963
299313355,0.0,0.24844194873514963
301302687,0.0,0.24844194873514963
320446239,0.0,0.24844194873514963
364303155,0.0,0.24844194873514963
366375179,0.0,0.24844194873514963
372081250,0.0,0.24844194873514963
381183259,0.0,0.24844194873514963
382147359,0.0,0.24844194873514963
394480290,0.0,0.24844194873514963
405292451,0.0,0.24844194873514963
444444500,0.0,0.24844194873514963
479598427,0.0,0.24844194873514963
487734587,0.0,0.24844194873514963
523908268,0.0,0.24844194873514963
562700396,0.001294301202669884,0.2638111399750389
594268054,0.0,0.24844194873514963
618589414,0.0,0.24844194873514963
787952447,0.0,0.24844194873514963
256804252,0.3831359993119265,0.3647688601663
1170279,0.0,0.26725033911802293
3368802,0.0,0.26725033911802293
3689806,0.0,0.26725033911802293
4143575,0.0,0.26725033911802293
4521547,0.0,0.26725033911802293
7052716,0.0,0.26725033911802293
9090342,0.0,0.26725033911802293
9311289,0.0,0.26725033911802293
11582761,0.0,0.26725033911802293
13798190,0.0,0.26725033911802293
16362092,0.0,0.26725033911802293
17687284,0.0,0.26725033911802293
17796402,0.0,0.26725033911802293
18546437,0.0,0.26725033911802293
20341211,0.0,0.26725033911802293
21564611,0.0,0.26725033911802293
24103320,0.0,0.26725033911802293
26598669,0.0,0.26725033911802293
28551082,0.0,0.26725033911802293
38119367,0.0,0.26725033911802293
41808852,0.0,0.26725033911802293
42411937,0.0,0.26725033911802293
44051595,0.0,0.26725033911802293
44272973,0.0,0.26725033911802293
50168637,0.03443181512253692,0.31321634746136073
50586761,0.0,0.26725033911802293
56668124,0.011925471660361254,0.3182878331804867
56775508,0.0,0.26725033911802293
57300449,0.0,0.26725033911802293
59181636,0.0,0.26725033911802293
59604659,0.0,0.26725033911802293
59693253,0.0,0.26725033911802293
61124962,0.0,0.26725033911802293
62191366,0.0,0.26725033911802293
63964578,0.0,0.26725033911802293
65306042,0.0,0.26725033911802293
65825953,0.0,0.26725033911802293
65847488,0.0,0.26725033911802293
73165059,0.0,0.26725033911802293
74046001,0.0,0.26725033911802293
75331465,0.0,0.26725033911802293
75349612,0.0,0.26725033911802293
78107789,0.0,0.26725033911802293
78900322,0.0,0.26725033911802293
81033736,0.0,0.26725033911802293
82159245,0.0,0.26725033911802293
82768489,0.0,0.26725033911802293
83117337,0.0,0.26725033911802293
83414880,0.0,0.26725033911802293
84808902,0.0,0.26725033911802293
84981721,0.0,0.26725033911802293
85574000,0.0,0.26725033911802293
86968944,0.0,0.26725033911802293
90073913,0.0,0.26725033911802293
91263386,0.0,0.26725033911802293
93442841,0.0,0.26725033911802293
94649851,0.0,0.26725033911802293
94736246,0.0,0.26725033911802293
95492796,0.012512491728436534,0.30639493880521496
95633793,0.0,0.26725033911802293
95727558,0.0,0.26725033911802293
100620709,0.0,0.26725033911802293
100797215,0.0,0.26725033911802293
102773862,0.0,0.26725033911802293
103906924,0.0,0.26725033911802293
106528731,0.0,0.26725033911802293
107982827,0.0,0.26725033911802293
109558912,0.0,0.26725033911802293
113487216,0.0,0.26725033911802293
113918975,0.0,0.26725033911802293
115957213,0.0,0.26725033911802293
118223664,0.0,0.26725033911802293
118965632,0.0,0.26725033911802293
120708598,0.0,0.26725033911802293
123127662,0.0,0.26725033911802293
124217451,0.0,0.26725033911802293
125249138,0.0,0.26725033911802293
125489668,0.0,0.26725033911802293
127943547,0.0,0.26725033911802293
131546482,0.0,0.26725033911802293
131675562,0.0,0.26725033911802293
133278008,0.0,0.26725033911802293
133497222,0.0,0.26725033911802293
134667483,0.0,0.26725033911802293
135069291,0.0,0.26725033911802293
135333120,0.0,0.26725033911802293
135546956,0.0,0.26725033911802293
136646088,0.0,0.26725033911802293
137464128,0.0,0.26725033911802293
137797985,0.0,0.26725033911802293
138025609,0.0,0.26725033911802293
138041162,0.005689797406284834,0.27283975585021847
138235107,0.0,0.26725033911802293
139114619,0.0,0.26725033911802293
139162912,0.0,0.26725033911802293
139209466,0.0,0.26725033911802293
139224976,0.0,0.26725033911802293
139490163,0.0,0.26725033911802293
139987091,0.0,0.26725033911802293
140915304,0.0,0.26725033911802293
141485731,0.0,0.26725033911802293
141739320,0.0,0.26725033911802293
142813829,0.0,0.26725033911802293
143204199,0.0,0.26725033911802293
143283281,0.0,0.26725033911802293
143299193,0.0,0.26725033911802293
143562652,0.0,0.26725033911802293
143973652,0.0,0.26725033911802293
144394831,0.0,0.26725033911802293
144949046,0.0,0.26725033911802293
145087850,0.0,0.26725033911802293
146553153,0.010976836622358491,0.2787491639266169
146587068,0.0,0.26725033911802293
146909652,0.0,0.26725033911802293
148414033,0.0,0.26725033911802293
150269203,0.0,0.26725033911802293
150467213,0.0,0.26725033911802293
150563346,0.0,0.26725033911802293
151334794,0.0,0.26725033911802293
151358936,0.015868140973755687,0.2932163252746678
152651050,0.0,0.26725033911802293
152932578,0.0,0.26725033911802293
153589763,0.0,0.26725033911802293
153612895,0.0,0.26725033911802293
154288520,0.0,0.26725033911802293
154845133,0.0,0.26725033911802293
155612362,0.0,0.26725033911802293
155669217,0.0,0.26725033911802293
155799915,0.0,0.26725033911802293
157444753,0.0,0.26725033911802293
157647378,0.0,0.26725033911802293
158166141,0.010976836622358491,0.2787491639266169
158247193,0.0,0.26725033911802293
158563521,0.0,0.26725033911802293
158765692,0.0,0.26725033911802293
159587261,0.005689797406284834,0.27283975585021847
159813255,0.0,0.26725033911802293
159819488,0.0,0.26725033911802293
160095416,0.0,0.26725033911802293
160932312,0.0,0.26725033911802293
161991007,0.0,0.26725033911802293
163618666,0.0,0.26725033911802293
163731580,0.0,0.26725033911802293
163777237,0.0,0.26725033911802293
163951324,0.0,0.26725033911802293
164510473,0.0,0.26725033911802293
165573260,0.0,0.26725033911802293
166144485,0.011925471660361254,0.3182878331804867
166295277,0.0,0.26725033911802293
166677431,0.0,0.26725033911802293
166879589,0.015868140973755687,0.2932163252746678
167717353,0.0,0.26725033911802293
167800486,0.0,0.26725033911802293
167862935,0.0,0.26725033911802293
167936426,0.0,0.26725033911802293
169052746,0.0,0.26725033911802293
170024986,0.0,0.26725033911802293
171256217,0.005689797406284834,0.27283975585021847
171356578,0.0,0.26725033911802293
171888881,0.0,0.26725033911802293
172502451,0.0,0.26725033911802293
172664219,0.0,0.26725033911802293
173363911,0.0,0.26725033911802293
173428086,0.0,0.26725033911802293
173908023,0.0,0.26725033911802293
174143633,0.0,0.26725033911802293
174533008,0.0,0.26725033911802293
175214722,0.0,0.26725033911802293
175256927,0.0,0.26725033911802293
176161167,0.0,0.26725033911802293
176872164,0.0,0.26725033911802293
177302539,0.0,0.26725033911802293
177718216,0.0,0.26725033911802293
177786470,0.0,0.26725033911802293
177853804,0.0,0.26725033911802293
178526856,0.0,0.26725033911802293
178861021,0.0,0.26725033911802293
178982537,0.0,0.26725033911802293
178990482,0.0,0.26725033911802293
179188410,0.0,0.26725033911802293
180035055,0.0,0.26725033911802293
180061063,0.0,0.26725033911802293
180818492,0.0,0.26725033911802293
180904748,0.0,0.26725033911802293
181107091,0.0,0.26725033911802293
181241504,0.0,0.26725033911802293
181474464,0.0,0.26725033911802293
181510469,0.0,0.26725033911802293
181903019,0.0,0.26725033911802293
181953402,0.0,0.26725033911802293
182278035,0.0,0.26725033911802293
182485050,0.0,0.26725033911802293
182706654,0.0,0.26725033911802293
183469156,0.0,0.26725033911802293
184112287,0.0,0.26725033911802293
184676553,0.0,0.26725033911802293
184756062,0.005689797406284834,0.27283975585021847
184833446,0.0,0.26725033911802293
185234430,0.0,0.26725033911802293
185792216,0.0,0.26725033911802293
187389875,0.0,0.26725033911802293
187718889,0.0,0.26725033911802293
188316987,0.0,0.26725033911802293
188494707,0.0,0.26725033911802293
188715727,0.0,0.26725033911802293
190180418,0.0,0.26725033911802293
190839527,0.0,0.26725033911802293
190893641,0.0,0.26725033911802293
190937856,0.0,0.26725033911802293
191162030,0.0,0.26725033911802293
191883410,0.011107622328508083,0.28679937961311563
192395494,0.0,0.26725033911802293
192401078,0.0,0.26725033911802293
193387100,0.0,0.26725033911802293
194878816,0.005689797406284834,0.27283975585021847
195007887,0.0,0.26725033911802293
195142799,0.0,0.26725033911802293
195275827,0.0,0.26725033911802293
195911260,0.0,0.26725033911802293
197462137,0.0,0.26725033911802293
197849336,0.0,0.26725033911802293
198177348,0.0,0.26725033911802293
198361434,0.0,0.26725033911802293
199128916,0.0,0.26725033911802293
199398482,0.0,0.26725033911802293
200870907,0.0,0.26725033911802293
203284962,0.0,0.26725033911802293
204721982,0.0,0.26725033911802293
204759861,0.0,0.26725033911802293
205335343,0.0,0.26725033911802293
205373016,0.0,0.26725033911802293
205449705,0.0,0.26725033911802293
205863192,0.0,0.26725033911802293
207921154,0.0,0.26725033911802293
208525710,0.0,0.26725033911802293
209309062,0.0,0.26725033911802293
209983410,0.0,0.26725033911802293
210846709,0.0,0.26725033911802293
211203515,0.0,0.26725033911802293
211544653,0.0,0.26725033911802293
212239198,0.0,0.26725033911802293
214312931,0.0,0.26725033911802293
215751700,0.0,0.26725033911802293
216460808,0.011925471660361254,0.3182878331804867
217002509,0.0,0.26725033911802293
218111072,0.0,0.26725033911802293
218111654,0.0,0.26725033911802293
220170453,0.0,0.26725033911802293
220227453,0.0,0.26725033911802293
220556332,0.0,0.26725033911802293
220970447,0.0,0.26725033911802293
221453664,0.0,0.26725033911802293
222346923,0.0,0.26725033911802293
222364805,0.0,0.26725033911802293
222604147,0.0,0.26725033911802293
222733057,0.0,0.26725033911802293
223364702,0.0,0.26725033911802293
223735712,0.0,0.26725033911802293
224145761,0.0,0.26725033911802293
224245713,0.0,0.26725033911802293
225501174,0.0,0.26725033911802293
225695290,0.0,0.26725033911802293
227029294,0.0,0.26725033911802293
227681104,0.005689797406284834,0.27283975585021847
228100048,0.0,0.26725033911802293
229237953,0.0,0.26725033911802293
229996581,0.0,0.26725033911802293
232055993,0.0,0.26725033911802293
232723696,0.0,0.26725033911802293
235336408,0.0,0.26725033911802293
235717671,0.0,0.26725033911802293
236316023,0.0,0.26725033911802293
236509653,0.0,0.26725033911802293
237139384,0.0,0.26725033911802293
238061130,0.0,0.26725033911802293
238066984,0.0,0.26725033911802293
238309574,0.0,0.26725033911802293
238444902,0.0,0.26725033911802293
239595828,0.0,0.26725033911802293
240302302,0.0,0.26725033911802293
241115382,0.0,0.26725033911802293
241970357,0.0,0.26725033911802293
242527826,0.0,0.26725033911802293
243273774,0.0,0.26725033911802293
243955509,0.0,0.26725033911802293
244338693,0.015868140973755687,0.2932163252746678
244752161,0.0,0.26725033911802293
245126301,0.0,0.26725033911802293
245670326,0.0,0.26725033911802293
245897088,0.0,0.26725033911802293
246036313,0.0,0.26725033911802293
246598691,0.0,0.26725033911802293
246668016,0.0,0.26725033911802293
246706765,0.0,0.26725033911802293
247176641,0.0,0.26725033911802293
247287243,0.0,0.26725033911802293
247636154,0.0,0.26725033911802293
248183407,0.011107622328508083,0.28679937961311563
248764328,0.0,0.26725033911802293
248888569,0.0,0.26725033911802293
249460254,0.0,0.26725033911802293
250893453,0.0,0.26725033911802293
250909329,0.0,0.26725033911802293
251390636,0.0,0.26725033911802293
251933953,0.0,0.26725033911802293
251938280,0.005689797406284834,0.27283975585021847
252757781,0.011925471660361254,0.3182878331804867
253039418,0.0,0.26725033911802293
253479305,0.0,0.26725033911802293
253516861,0.0,0.26725033911802293
254249461,0.0,0.26725033911802293
254601505,0.0,0.26725033911802293
254652337,0.0,0.26725033911802293
254687528,0.0,0.26725033911802293
255557149,0.0,0.26725033911802293
256290943,0.0,0.26725033911802293
256923028,0.0,0.26725033911802293
257065676,0.0,0.26725033911802293
257943656,0.0,0.26725033911802293
258124256,0.0,0.26725033911802293
258348221,0.009018809160895473,0.309868429258092
259293717,0.0,0.26725033911802293
259663512,0.0,0.26725033911802293
259987879,0.0,0.26725033911802293
261122545,0.0,0.26725033911802293
261294979,0.0,0.26725033911802293
262205321,0.0,0.26725033911802293
262273857,0.0,0.26725033911802293
263388009,0.0,0.26725033911802293
263790158,0.0,0.26725033911802293
264468673,0.0,0.26725033911802293
265287910,0.0,0.26725033911802293
266789851,0.01575302385920722,0.3061334817907678
266923430,0.0,0.26725033911802293
268344454,0.0,0.26725033911802293
270095832,0.0,0.26725033911802293
270464351,0.0,0.26725033911802293
270602256,0.0,0.26725033911802293
273527253,0.0,0.26725033911802293
274009067,0.0,0.26725033911802293
274076232,0.0,0.26725033911802293
277931677,0.0,0.26725033911802293
279345481,0.0,0.26725033911802293
279816978,0.0,0.26725033911802293
279962718,0.0,0.26725033911802293
280753182,0.0,0.26725033911802293
283470857,0.0,0.26725033911802293
284216137,0.0,0.26725033911802293
286323399,0.0,0.26725033911802293
287365362,0.0,0.26725033911802293
290090811,0.0,0.26725033911802293
290270738,0.0,0.26725033911802293
290701153,0.0,0.26725033911802293
292112678,0.0,0.26725033911802293
292941319,0.0,0.26725033911802293
293346932,0.0,0.26725033911802293
294313398,0.0,0.26725033911802293
296098157,0.0,0.26725033911802293
297404240,0.0,0.26725033911802293
301877845,0.0,0.26725033911802293
302041370,0.0,0.26725033911802293
303998201,0.0,0.26725033911802293
304337897,0.0,0.26725033911802293
304609994,0.0,0.26725033911802293
305664173,0.0,0.26725033911802293
307929104,0.0,0.26725033911802293
311166727,0.0,0.26725033911802293
311761925,0.0,0.26725033911802293
314920752,0.0,0.26725033911802293
315885266,0.0,0.26725033911802293
318239111,0.0,0.26725033911802293
318943759,0.0,0.26725033911802293
319386109,0.0,0.26725033911802293
321383745,0.0,0.26725033911802293
322061734,0.0,0.26725033911802293
322475964,0.0,0.26725033911802293
324970482,0.0,0.26725033911802293
325156271,0.0,0.26725033911802293
325894845,0.0,0.26725033911802293
326421621,0.0,0.26725033911802293
326587515,0.0,0.26725033911802293
326869471,0.0,0.26725033911802293
327011340,0.0,0.26725033911802293
327657095,0.0,0.26725033911802293
328931295,0.0,0.26725033911802293
331240793,0.0,0.26725033911802293
331701930,0.005689797406284834,0.27283975585021847
332184925,0.0,0.26725033911802293
332858724,0.0,0.26725033911802293
334984698,0.0,0.26725033911802293
336529767,0.0,0.26725033911802293
337421766,0.0,0.26725033911802293
338557421,0.0,0.26725033911802293
338734070,0.0,0.26725033911802293
339134488,0.0,0.26725033911802293
339439775,0.0,0.26725033911802293
339488025,0.0,0.26725033911802293
340513914,0.0,0.26725033911802293
341296684,0.0,0.26725033911802293
341309958,0.0,0.26725033911802293
341793127,0.0,0.26725033911802293
341845186,0.0,0.26725033911802293
342055941,0.0,0.26725033911802293
344468365,0.0,0.26725033911802293
344930081,0.0,0.26725033911802293
346062175,0.0,0.26725033911802293
346573353,0.0,0.26725033911802293
349340635,0.0,0.26725033911802293
352458997,0.0,0.26725033911802293
353495319,0.0,0.26725033911802293
354355589,0.0,0.26725033911802293
354854294,0.0,0.26725033911802293
356169969,0.0,0.26725033911802293
357004461,0.0,0.26725033911802293
360477682,0.0,0.26725033911802293
361129456,0.0,0.26725033911802293
361953656,0.0,0.26725033911802293
362170012,0.0,0.26725033911802293
362496982,0.0,0.26725033911802293
362734491,0.0,0.26725033911802293
364027148,0.0,0.26725033911802293
364661002,0.0,0.26725033911802293
365817804,0.0,0.26725033911802293
366966389,0.0,0.26725033911802293
367371835,0.0,0.26725033911802293
368976307,0.0,0.26725033911802293
369657593,0.0,0.26725033911802293
370376509,0.0,0.26725033911802293
370719225,0.0,0.26725033911802293
372418711,0.0,0.26725033911802293
374449686,0.0,0.26725033911802293
374895153,0.0,0.26725033911802293
375792174,0.0,0.26725033911802293
379792165,0.0,0.26725033911802293
381385676,0.0,0.26725033911802293
383375175,0.0,0.26725033911802293
384110719,0.0,0.26725033911802293
385116323,0.0,0.26725033911802293
386044067,0.0,0.26725033911802293
386076989,0.0,0.26725033911802293
387583015,0.0,0.26725033911802293
388067987,0.0,0.26725033911802293
388641494,0.0,0.26725033911802293
389171906,0.0,0.26725033911802293
390066347,0.0,0.26725033911802293
391703760,0.0,0.26725033911802293
392129752,0.0,0.26725033911802293
394339856,0.0,0.26725033911802293
402972774,0.0,0.26725033911802293
403686653,0.0,0.26725033911802293
404333595,0.0,0.26725033911802293
404711566,0.0,0.26725033911802293
405544676,0.0,0.26725033911802293
407746114,0.0,0.26725033911802293
409580474,0.0,0.26725033911802293
412145542,0.0,0.26725033911802293
414044946,0.0,0.26725033911802293
416618725,0.0,0.26725033911802293
421607442,0.0,0.26725033911802293
422397933,0.0,0.26725033911802293
422798055,0.0,0.26725033911802293
424095046,0.0,0.26725033911802293
425182635,0.0,0.26725033911802293
436880054,0.0,0.26725033911802293
437531400,0.0,0.26725033911802293
438581097,0.0,0.26725033911802293
439052647,0.0,0.26725033911802293
441736661,0.0,0.26725033911802293
443786436,0.0,0.26725033911802293
443961783,0.0,0.26725033911802293
444270227,0.0,0.26725033911802293
445123641,0.0,0.26725033911802293
446251931,0.0,0.26725033911802293
447263423,0.0,0.26725033911802293
449675788,0.0,0.26725033911802293
449702247,0.0,0.26725033911802293
454383842,0.0,0.26725033911802293
456494191,0.0,0.26725033911802293
456661969,0.0,0.26725033911802293
456684937,0.0,0.26725033911802293
460348786,0.0,0.26725033911802293
461031925,0.0,0.26725033911802293
461382448,0.0,0.26725033911802293
463414853,0.0,0.26725033911802293
465285689,0.0,0.26725033911802293
466774670,0.0,0.26725033911802293
471230351,0.0,0.26725033911802293
471633704,0.0,0.26725033911802293
474215026,0.0,0.26725033911802293
478565864,0.0,0.26725033911802293
482548556,0.0,0.26725033911802293
483816935,0.0,0.26725033911802293
491532494,0.0,0.26725033911802293
491819332,0.0,0.26725033911802293
494061969,0.0,0.26725033911802293
500968824,0.0,0.26725033911802293
502073474,0.0,0.26725033911802293
505416733,0.0,0.26725033911802293
505819685,0.0,0.26725033911802293
508142120,0.0,0.26725033911802293
508540339,0.0,0.26725033911802293
513476214,0.0,0.26725033911802293
519007108,0.0,0.26725033911802293
521035912,0.0,0.26725033911802293
522306682,0.0,0.26725033911802293
523310807,0.0,0.26725033911802293
525610503,0.0,0.26725033911802293
526412289,0.005689797406284834,0.27283975585021847
539414915,0.0,0.26725033911802293
542462456,0.0,0.26725033911802293
545868682,0.0,0.26725033911802293
546690561,0.0,0.26725033911802293
549420909,0.0,0.26725033911802293
553827982,0.0,0.26725033911802293
554201148,0.0,0.26725033911802293
554629901,0.0,0.26725033911802293
555211080,0.0,0.26725033911802293
557656481,0.0,0.26725033911802293
559265661,0.0,0.26725033911802293
559865830,0.0,0.26725033911802293
560100587,0.0,0.26725033911802293
560101521,0.0,0.26725033911802293
560170062,0.0,0.26725033911802293
562723671,0.0,0.26725033911802293
563848365,0.0,0.26725033911802293
565089480,0.0,0.26725033911802293
566399395,0.0,0.26725033911802293
574068734,0.0,0.26725033911802293
580339410,0.0,0.26725033911802293
583421935,0.0,0.26725033911802293
588050261,0.0,0.26725033911802293
595653098,0.0,0.26725033911802293
603617838,0.0,0.26725033911802293
611778694,0.0,0.26725033911802293
611934639,0.0,0.26725033911802293
618203981,0.0,0.26725033911802293
620705707,0.0,0.26725033911802293
625800447,0.0,0.26725033911802293
631715515,0.0,0.26725033911802293
646009383,0.0,0.26725033911802293
652065783,0.0,0.26725033911802293
667083757,0.0,0.26725033911802293
700069485,0.0,0.26725033911802293
701118879,0.0,0.26725033911802293
702113573,0.0,0.26725033911802293
719556222,0.0,0.26725033911802293
734875867,0.0,0.26725033911802293
743195341,0.0,0.26725033911802293
743292377,0.0,0.26725033911802293
749126919,0.0,0.26725033911802293
754815253,0.0,0.26725033911802293
765576775,0.0,0.26725033911802293
768648236,0.0,0.26725033911802293
774168919,0.0,0.26725033911802293
781367271,0.0,0.26725033911802293
793788954,0.0,0.26725033911802293
820433835,0.0,0.26725033911802293
820872217,0.0,0.26725033911802293
147709,0.0,0.2852317026225848
504460,0.0,0.2852317026225848
611083,0.0,0.2852317026225848
799380,0.0,0.2852317026225848
827149,0.0,0.2852317026225848
1050678,0.0,0.2852317026225848
1438983,0.0,0.28876158484640796
1485151,0.0,0.2852317026225848
1724435,0.0,0.2852317026225848
2232985,0.0,0.2852317026225848
2543339,0.0,0.2852317026225848
3503429,0.0,0.2852317026225848
3701180,0.0,0.2852317026225848
4699138,0.0,0.2852317026225848
4745372,0.0,0.2852317026225848
6125683,0.0,0.2852317026225848
7949807,0.0,0.2852317026225848
9537412,0.0,0.2852317026225848
10711430,0.0,0.2852317026225848
11429093,0.0,0.29134112189508155
12130636,0.0,0.2852317026225848
12713850,0.0,0.2852317026225848
14919134,0.0,0.2852317026225848
18878119,0.0,0.2852317026225848
21578129,0.0,0.2852317026225848
22238648,0.0,0.2852317026225848
23245601,0.0,0.29134112189508155
24719073,0.0,0.2852317026225848
25891559,0.0,0.29700935442289644
27623548,0.0,0.2852317026225848
30599380,0.0,0.2852317026225848
31148329,0.0,0.29134112189508155
33821674,0.0,0.2852317026225848
35947527,0.0,0.2852317026225848
38539472,0.0,0.2852317026225848
39577684,0.0,0.2852317026225848
40805844,0.0,0.2852317026225848
45043410,0.0,0.29134112189508155
47650930,0.0,0.29134112189508155
48069606,0.0,0.2852317026225848
51083562,0.0,0.2852317026225848
51220404,0.0,0.29134112189508155
52451724,0.0,0.2852317026225848
54705450,0.10334764314669795,0.32067054656854166
54837124,0.0,0.2852317026225848
54854546,0.00029476377442140295,0.2874600752993237
57098711,0.0,0.2852317026225848
58827082,0.0,0.2852317026225848
65525918,0.0,0.2852317026225848
65837908,0.0,0.29463108426121015
66531098,0.0,0.2852317026225848
66969585,0.0,0.2852317026225848
66982780,0.0,0.2852317026225848
68228192,0.0,0.29134112189508155
68481689,0.0,0.2852317026225848
69110189,0.0,0.29463108426121015
70546727,0.0009586220129123596,0.3145896516264878
71977501,0.0,0.29627349972008343
72884145,0.0,0.29134112189508155
72891198,0.0,0.2852317026225848
72937811,0.0,0.2852317026225848
76328508,0.0007269957194487656,0.31390149751596286
76373668,0.0,0.2852317026225848
76548983,0.0,0.2852317026225848
79375588,0.0,0.29134112189508155
83291498,0.0,0.29134112189508155
83770363,0.0,0.2852317026225848
83836993,0.0,0.2852317026225848
86802650,0.0,0.2852317026225848
90778320,0.0,0.2852317026225848
93259801,0.0,0.2852317026225848
93739157,0.0,0.29134112189508155
95388832,0.0,0.2852317026225848
97482872,0.0,0.2852317026225848
97671313,0.0,0.2852317026225848
98439982,0.0,0.2852317026225848
98937723,0.0,0.2852317026225848
99138057,0.005193514442677445,0.3021372135791608
100591371,0.0,0.2852317026225848
102450680,0.0,0.2852317026225848
102500241,0.0,0.29134112189508155
103371143,0.0,0.2852317026225848
107125768,0.0,0.2852317026225848
108880460,0.0,0.2852317026225848
114114693,0.0,0.2852317026225848
114750766,0.0,0.2852317026225848
115057111,0.0,0.2852317026225848
118710950,0.0,0.2852317026225848
119008188,0.0,0.2852317026225848
120038146,0.0,0.2966409707274882
122319016,0.0,0.2852317026225848
124909546,0.0007269957194487656,0.31390149751596286
126452991,0.0,0.2852317026225848
126587494,0.0,0.2852317026225848
126619941,0.0,0.2852317026225848
128946116,0.001024551322552623,0.322762189809767
130543413,0.00029476377442140295,0.30024075654236304
131571679,0.0,0.2852317026225848
133546476,0.0,0.2852317026225848
134092129,0.0,0.2852317026225848
134831062,0.0,0.29134112189508155
135006918,0.0,0.2852317026225848
136506005,0.0,0.2852317026225848
137887247,0.0,0.2852317026225848
138125009,0.0,0.2852317026225848
138524541,0.0,0.2852317026225848
139818303,0.0001555629411841632,0.3123981051255522
142388551,0.0,0.2852317026225848
143023717,0.0,0.2852317026225848
143620622,0.0,0.2852317026225848
143692685,0.0,0.29134112189508155
143902891,0.0,0.29134112189508155
144773521,0.0,0.2852317026225848
145197359,0.0,0.2852317026225848
145508966,0.0,0.2852317026225848
145510594,0.0,0.2852317026225848
145590245,0.0,0.2852317026225848
146075397,0.06168151544179742,0.35475913371921486
146526485,0.0,0.2852317026225848
146591708,0.0,0.2852317026225848
147070358,0.0,0.2852317026225848
147121365,0.0,0.29134112189508155
147249480,0.0,0.2852317026225848
147526040,0.0,0.2852317026225848
147852622,0.0,0.2852317026225848
149092957,0.0,0.2852317026225848
150588597,0.0,0.2852317026225848
150726478,0.0,0.2852317026225848
151045692,0.0,0.28876158484640796
152646496,0.0,0.2852317026225848
152789900,0.0,0.2852317026225848
152952036,0.0,0.2852317026225848
153420674,0.0,0.2852317026225848
154641434,0.0,0.2852317026225848
155235908,0.0,0.2852317026225848
155397466,0.0,0.2852317026225848
156249206,0.0,0.2852317026225848
156854289,0.0,0.2852317026225848
157547853,0.0,0.2852317026225848
158452527,0.0,0.2852317026225848
161856896,0.0,0.2852317026225848
161873888,0.0,0.3019782609205017
162225997,0.00026826762383534643,0.32261706292585973
162343201,0.0,0.2852317026225848
162958940,0.0,0.2852317026225848
163978756,0.0,0.2852317026225848
164158044,0.0,0.2852317026225848
165033213,0.0,0.2852317026225848
165987121,0.0,0.2852317026225848
166627321,0.0,0.2852317026225848
166631281,0.0,0.2852317026225848
167219264,0.0,0.2852317026225848
168212112,0.0,0.2852317026225848
169550436,0.0,0.2852317026225848
169735956,0.0,0.2852317026225848
170104335,0.0,0.2852317026225848
170586001,0.0,0.2852317026225848
171081100,0.0,0.2852317026225848
171168977,0.0,0.2852317026225848
171992213,0.0,0.2852317026225848
172209675,0.0,0.2852317026225848
173048369,0.0,0.2852317026225848
173727553,0.0,0.2852317026225848
174193102,0.0,0.2852317026225848
175184539,0.0,0.2852317026225848
175526761,0.0,0.2852317026225848
175719571,0.0,0.2852317026225848
177375764,0.0,0.2852317026225848
178114948,0.0,0.2852317026225848
178576616,0.0,0.2852317026225848
179140659,0.0,0.2852317026225848
179289431,0.0,0.2852317026225848
180191039,0.0,0.29134112189508155
181632781,0.0,0.29134112189508155
181792646,0.0,0.2852317026225848
181899350,0.0,0.2852317026225848
182011047,0.0,0.2988962082679075
184267947,0.05615981737440786,0.3277005471327299
184613121,0.0,0.29134112189508155
184802350,0.0,0.2852317026225848
185907583,0.0,0.2852317026225848
186402178,0.0,0.2852317026225848
186544162,0.0,0.2852317026225848
187234486,0.0,0.2852317026225848
187899397,0.0,0.2852317026225848
187902778,0.0,0.2852317026225848
188892163,0.0,0.29134112189508155
189691585,0.0,0.2852317026225848
190155100,0.0,0.2852317026225848
190333585,0.0,0.2852317026225848
191030208,0.0,0.2852317026225848
191277174,0.0,0.2852317026225848
191793836,0.0,0.2852317026225848
192649162,0.0,0.2852317026225848
193887357,0.0,0.2852317026225848
194461417,0.0,0.2852317026225848
194526692,0.0,0.2852317026225848
194566473,0.0,0.2852317026225848
195398410,0.0,0.2852317026225848
195697729,0.0,0.2852317026225848
196264662,0.0,0.2852317026225848
196669651,0.0,0.29134112189508155
196783194,0.0,0.2852317026225848
197236645,0.0,0.2852317026225848
199221412,0.0,0.2852317026225848
199891666,0.0037494851412777975,0.33314003386981406
200013648,0.0,0.2852317026225848
202976001,0.0,0.2852317026225848
203558994,0.0,0.2852317026225848
203644357,0.0,0.2988962082679075
203754580,0.0,0.2852317026225848
204843445,0.0,0.2852317026225848
204953496,0.0,0.2852317026225848
205122448,0.0,0.2852317026225848
205465031,0.0,0.2852317026225848
205570516,0.0,0.3014074135463609
207205573,0.0,0.2852317026225848
207560519,0.0,0.2852317026225848
208674588,0.0,0.2852317026225848
210913802,0.0,0.2852317026225848
211806617,0.0,0.2852317026225848
212200213,0.0,0.2852317026225848
212203031,0.0,0.2852317026225848
212543793,0.0,0.2852317026225848
212764499,0.0,0.2852317026225848
212817671,0.0,0.2852317026225848
214701397,0.0013824525779318564,0.3272521541377934
215663174,0.0,0.2852317026225848
216158671,0.0,0.2852317026225848
218172124,0.0,0.2852317026225848
218357660,0.0,0.2852317026225848
219776781,0.0,0.2852317026225848
219921709,0.0,0.2852317026225848
219930506,0.0,0.2852317026225848
222391424,0.0,0.2852317026225848
223045392,0.0,0.2852317026225848
223249119,0.0,0.2852317026225848
223322927,0.0,0.2852317026225848
223759040,0.0,0.2852317026225848
224436254,0.0,0.2852317026225848
224495292,0.0,0.2852317026225848
224748485,0.0,0.2852317026225848
225179459,0.0,0.2852317026225848
225622538,0.0,0.2852317026225848
225736458,0.0,0.2852317026225848
225962919,0.0,0.2954500094490888
227136935,0.0,0.2852317026225848
228701702,0.0005728533916905385,0.2949944898538851
229572332,0.0,0.2852317026225848
232546539,0.0,0.2852317026225848
234109886,0.0,0.2852317026225848
234385886,0.0,0.2852317026225848
234965912,0.0,0.2852317026225848
235705640,0.0,0.2852317026225848
235825285,0.0,0.2852317026225848
236235563,0.0,0.2852317026225848
236783753,0.20981309589314745,0.37998164858843486
237186209,0.0,0.2852317026225848
237447101,0.0,0.2852317026225848
238372087,0.0,0.28876158484640796
240245998,0.0,0.2852317026225848
241833036,0.0,0.297224667749425
244583695,0.0,0.2852317026225848
244661955,0.0,0.29134112189508155
245137993,0.0,0.2852317026225848
245302630,0.0,0.2852317026225848
248608293,0.0,0.2852317026225848
249926239,0.0,0.2852317026225848
250176893,0.0,0.2852317026225848
253616034,0.0,0.2852317026225848
255474155,0.0,0.2852317026225848
256682267,0.0,0.2852317026225848
257195332,0.0,0.29134112189508155
261604184,0.0,0.2852317026225848
261855362,0.0,0.2852317026225848
263432760,0.0,0.2852317026225848
266010607,0.0,0.2852317026225848
266812015,0.0,0.2852317026225848
267812815,0.0,0.29134112189508155
268052165,0.0,0.2852317026225848
271598673,0.0,0.2852317026225848
272627984,0.0,0.2852317026225848
273082413,0.0,0.2852317026225848
273263057,0.0,0.2852317026225848
273801538,0.0,0.2852317026225848
274358269,0.0,0.2852317026225848
274695541,0.0,0.2852317026225848
276695760,0.0,0.2852317026225848
282142570,0.0,0.2852317026225848
282978311,0.0,0.2852317026225848
284345027,0.0,0.2852317026225848
285058923,0.0,0.29134112189508155
285261819,0.0,0.2852317026225848
285605977,0.0,0.2852317026225848
285849640,0.0,0.2852317026225848
291841762,0.0,0.2852317026225848
293543015,0.0,0.2852317026225848
295626033,0.0,0.2852317026225848
300090022,0.0,0.2852317026225848
300149497,0.0,0.2852317026225848
300967245,0.03302264567558003,0.3459500231181833
301589451,0.0,0.2852317026225848
304081097,0.0,0.2852317026225848
304176637,0.0,0.2852317026225848
305162297,0.0,0.2852317026225848
306131706,0.0,0.2852317026225848
306199883,0.0,0.2852317026225848
307036103,0.000499893917298928,0.32095743589671755
307216270,0.0,0.2852317026225848
307336910,0.0,0.2852317026225848
309858661,0.0,0.2852317026225848
311924607,0.0,0.2933362011231039
316274871,0.0,0.2852317026225848
317899967,0.0,0.2852317026225848
319341619,0.0,0.29134112189508155
319438359,0.0,0.2852317026225848
320955694,0.0,0.29134112189508155
324482750,0.0,0.2852317026225848
327673707,0.0,0.2852317026225848
328532331,0.0,0.2852317026225848
332360332,0.0,0.2852317026225848
334020176,0.0,0.2852317026225848
338557706,0.0,0.29134112189508155
338902856,0.0,0.2852317026225848
339478301,0.0,0.2852317026225848
341420115,0.0,0.2852317026225848
342433080,0.0010876888035104462,0.3158359625606304
350936282,0.0,0.2852317026225848
351950137,0.0,0.29134112189508155
354883452,0.0,0.2852317026225848
364673231,0.0,0.2852317026225848
366251169,0.0,0.2852317026225848
371218636,0.0,0.2852317026225848
373464052,0.0,0.2852317026225848
375190909,0.0,0.2852317026225848
380074655,0.005193514442677445,0.3021372135791608
381547365,0.0,0.2852317026225848
381759819,0.0,0.2852317026225848
381907905,0.037768365856864605,0.3622367022325443
383087847,0.06054780590400852,0.36856316833035163
387918157,0.0,0.31010279760004844
389875219,0.0,0.2852317026225848
390002346,0.0,0.2852317026225848
390534684,0.0,0.2852317026225848
397161436,0.0,0.2852317026225848
401134036,0.0,0.2852317026225848
401531971,0.0,0.2852317026225848
402300348,0.0,0.2954500094490888
408492029,0.0,0.2852317026225848
409623784,0.0,0.2852317026225848
412546039,0.0,0.2852317026225848
415644346,0.0001555629411841632,0.3152808295933701
418827951,0.0,0.2852317026225848
435167275,0.0,0.29463108426121015
440607441,0.0,0.29134112189508155
442490895,0.0011857819389118334,0.3277005471327299
444639273,0.1000350101099819,0.3679488963831344
447799654,0.0,0.2852317026225848
461814307,0.04737862233607343,0.3551102934655343
474092200,0.0,0.2852317026225848
479887783,0.0,0.29134112189508155
490442223,0.0,0.2852317026225848
496884635,0.0,0.2852317026225848
501463776,0.0,0.2852317026225848
504453742,0.0,0.2852317026225848
506030789,0.0,0.2852317026225848
508644412,0.0,0.2852317026225848
509735793,0.0,0.2852317026225848
511533482,0.0,0.29134112189508155
523418365,0.0,0.3059702976320307
523739735,0.0,0.2852317026225848
540803533,0.0,0.30810535606961337
544033053,0.0,0.2852317026225848
549564622,0.0,0.2933362011231039
551413463,0.0,0.29134112189508155
553841503,0.047406114000943876,0.3097346634781403
560270778,0.0,0.2852317026225848
627307575,0.0,0.2852317026225848
647579963,0.0,0.2852317026225848
789141341,0.0,0.2852317026225848
531619927,0.06655041562465704,0.2838494107198544
794379,0.0,0.22107544228843384
3186170,0.0,0.22107544228843384
16728444,0.0,0.22107544228843384
51321574,0.0065021689080760085,0.223120686604093
73052488,0.0,0.22107544228843384
85173350,0.0,0.22107544228843384
87394098,0.0,0.22107544228843384
95387204,0.0,0.22107544228843384
100429433,0.0,0.22107544228843384
122090685,0.0,0.22107544228843384
125373568,0.0,0.22107544228843384
135524453,0.0,0.22107544228843384
136728738,0.0,0.2324640686690789
137128832,0.0008598357652326181,0.2584422685086401
141581959,0.0,0.22107544228843384
147866694,0.0,0.22107544228843384
154138493,0.0,0.22107544228843384
157120108,0.0,0.22107544228843384
157919450,0.0,0.22107544228843384
158066695,0.0,0.22107544228843384
158616570,0.0,0.22107544228843384
159704136,0.0,0.22107544228843384
160096443,0.0,0.22107544228843384
169971513,0.0,0.22107544228843384
170026816,0.0,0.22107544228843384
174933046,0.0,0.22107544228843384
174946514,0.0,0.22107544228843384
176878375,0.0,0.22107544228843384
178093234,0.0,0.22107544228843384
179627112,0.0,0.2324640686690789
182055132,0.0,0.22107544228843384
182489297,0.0,0.22107544228843384
191933715,0.0,0.2324640686690789
194848002,0.048737826671214374,0.2618853355040102
195033051,0.0,0.22107544228843384
197786039,0.0,0.22107544228843384
198589160,0.0,0.22107544228843384
205107457,0.0,0.22107544228843384
205115808,0.0,0.22107544228843384
207041145,0.0,0.22107544228843384
207306755,0.0,0.22107544228843384
208694139,0.0,0.22107544228843384
211188733,0.0,0.22107544228843384
211562768,0.0,0.2324640686690789
213960520,0.0,0.22107544228843384
214370732,0.0,0.22107544228843384
222051411,0.0,0.22107544228843384
223815465,0.0,0.22107544228843384
227221207,0.0,0.22107544228843384
232184513,0.0008598357652326181,0.2584422685086401
236656317,0.0,0.22107544228843384
236912000,0.0,0.22107544228843384
242047333,0.0008598357652326181,0.2584422685086401
253188350,0.0,0.22107544228843384
256103683,0.0,0.22107544228843384
258360491,0.0,0.22107544228843384
265622756,0.0,0.22107544228843384
267285139,0.0008598357652326181,0.2584422685086401
284687724,0.0,0.22107544228843384
285610854,0.0,0.22107544228843384
287822335,0.0,0.22107544228843384
288308772,0.0,0.22107544228843384
291512975,0.0,0.22107544228843384
303546968,0.0,0.22107544228843384
314514812,0.0,0.22107544228843384
316246203,0.0,0.22107544228843384
321158849,0.0,0.22107544228843384
325514929,0.0,0.22107544228843384
375012273,0.0008598357652326181,0.2568693629095541
392988954,0.0008598357652326181,0.2584422685086401
410896450,0.0,0.22107544228843384
412799728,0.0,0.22107544228843384
429581619,0.0,0.22107544228843384
430270446,0.0,0.22107544228843384
444347050,0.0,0.22107544228843384
461211975,0.0,0.22107544228843384
466020663,0.0,0.22107544228843384
471776028,0.0,0.22107544228843384
474082363,0.0,0.22107544228843384
484628558,0.0,0.22107544228843384
500567161,0.0,0.22107544228843384
501466739,0.0,0.2324640686690789
558628262,0.0,0.22107544228843384
559606050,0.0,0.2324640686690789
562523666,0.0,0.22107544228843384
584125448,0.0,0.22107544228843384
599260841,0.0008598357652326181,0.2568693629095541
609166521,0.0,0.22107544228843384
661412339,0.0,0.22107544228843384
6341662,0.0,0.20751998494493482
41379947,0.0,0.2566167195805122
55690949,0.0,0.20751998494493482
75785096,0.19890626932223,0.3390032355053683
90149684,0.0,0.20751998494493482
98352503,0.001084090004257398,0.20930581912109456
100611447,0.0,0.20751998494493482
132184502,0.0,0.20751998494493482
143562774,0.0,0.2566167195805122
152337507,0.0,0.2566167195805122
157030988,0.0,0.20751998494493482
163659497,0.0,0.20751998494493482
168607409,0.0,0.20751998494493482
170332204,0.0,0.20751998494493482
176840544,0.0,0.20751998494493482
179257163,0.0,0.20751998494493482
179928629,0.0,0.20751998494493482
188579272,0.0,0.20751998494493482
188619184,0.0,0.20751998494493482
199420612,0.0,0.20751998494493482
204344115,0.0,0.20751998494493482
204468246,0.0,0.20751998494493482
209444860,0.0,0.20751998494493482
212944271,0.0,0.20751998494493482
215767596,0.0,0.20751998494493482
217031388,0.0,0.20751998494493482
218920011,0.0,0.2566167195805122
219847821,0.0,0.20751998494493482
221094253,0.0,0.20751998494493482
223999334,0.0,0.20751998494493482
224034675,0.0,0.20751998494493482
225362902,0.0,0.20751998494493482
228111680,0.0,0.20751998494493482
231072300,0.0,0.20751998494493482
237628807,0.0,0.20751998494493482
237947262,0.0,0.20751998494493482
238339371,0.0,0.20751998494493482
242105787,0.0,0.2566167195805122
243419467,0.0,0.20751998494493482
246671404,0.0,0.2566167195805122
246875230,0.0,0.20751998494493482
249995296,0.0,0.20751998494493482
254563422,0.0,0.20751998494493482
263587736,0.0,0.20751998494493482
267822134,0.0,0.20751998494493482
268686039,0.0,0.20751998494493482
269702650,0.0,0.20751998494493482
278623992,0.0,0.20751998494493482
280123015,0.0,0.20751998494493482
283292495,0.0,0.20751998494493482
285397374,0.0,0.20751998494493482
286252402,0.0,0.20751998494493482
287857416,0.0,0.20751998494493482
293527647,0.0,0.20751998494493482
294583328,0.0,0.20751998494493482
299201363,0.0,0.2566167195805122
303312564,0.0,0.20751998494493482
304276793,0.0,0.20751998494493482
306304767,0.0,0.20751998494493482
325595595,0.0,0.20751998494493482
328677158,0.0,0.20751998494493482
332858957,0.0,0.2566167195805122
351949524,0.0,0.20751998494493482
356687049,0.0,0.20751998494493482
367340316,0.0,0.20751998494493482
371001231,0.0,0.20751998494493482
381825644,0.0,0.20751998494493482
383006631,0.0,0.20751998494493482
383904844,0.0,0.20751998494493482
402922315,0.0,0.2566167195805122
405846355,0.0,0.20751998494493482
435982647,0.0,0.20751998494493482
482659958,0.0,0.2566167195805122
506907687,0.0,0.20751998494493482
509650579,0.0,0.2566167195805122
509956645,0.0,0.20751998494493482
560400767,0.0,0.20751998494493482
590224795,0.0,0.20751998494493482
703373655,0.0,0.20751998494493482
575981,0.0,0.26588858549086974
55677706,0.0,0.26588858549086974
63907537,0.0,0.26588858549086974
77407160,0.0,0.26588858549086974
82242459,0.0,0.26588858549086974
113011893,0.0,0.26588858549086974
118187018,0.0,0.26588858549086974
138417710,5.94828486174522e-05,0.27864091182412115
150718374,0.0,0.26588858549086974
176357293,0.0,0.28511835801593965
183072584,0.0,0.26588858549086974
184649574,0.0,0.26588858549086974
219158846,0.0,0.26588858549086974
225479011,0.0,0.26588858549086974
234771398,0.0,0.26588858549086974
269479904,0.0,0.26588858549086974
276246656,0.0,0.26588858549086974
333549723,0.0,0.26588858549086974
429876857,0.0,0.26588858549086974
462075650,0.0,0.26588858549086974
569072452,0.0,0.26588858549086974
748709141,0.0,0.26588858549086974
258374,0.0,0.2689533681743462
10581307,0.00017949601924511927,0.27972723116846476
22865581,0.0,0.2689533681743462
31555217,0.0,0.2689533681743462
33677923,0.0,0.2689533681743462
33774098,0.0,0.2689533681743462
40473508,0.0,0.2689533681743462
45001402,0.0,0.2689533681743462
45209191,0.0,0.2689533681743462
47775079,0.0,0.2689533681743462
51666123,0.0,0.2689533681743462
52446166,0.0,0.2689533681743462
54297506,0.0,0.2689533681743462
55521054,0.0,0.2689533681743462
56019742,0.0,0.2689533681743462
57560660,0.0,0.2689533681743462
59364084,0.0,0.2689533681743462
60167983,0.0,0.2689533681743462
62299330,0.0,0.2689533681743462
63561290,0.0,0.2689533681743462
63600896,0.0,0.2689533681743462
69677249,0.0,0.2689533681743462
70290618,0.0,0.2689533681743462
75788506,0.0,0.2689533681743462
84147696,0.0,0.2689533681743462
84409472,0.0,0.2689533681743462
88394487,0.0,0.2689533681743462
88824830,0.0,0.2689533681743462
91893260,0.0,0.2689533681743462
95751550,0.0,0.2689533681743462
97837150,0.0,0.2689533681743462
100629747,0.0,0.2689533681743462
101720212,0.0,0.2689533681743462
101741808,0.0,0.2689533681743462
104014676,0.0,0.2689533681743462
106868625,0.0,0.2689533681743462
107436988,0.0,0.2689533681743462
108676338,0.0,0.2689533681743462
110369211,0.0,0.2689533681743462
114486838,0.0,0.2689533681743462
122094638,0.0,0.2689533681743462
122350867,0.0,0.2689533681743462
131634274,0.0,0.2689533681743462
135905724,0.0,0.2689533681743462
136274613,0.0,0.2689533681743462
137381822,0.0,0.2689533681743462
142622298,0.0,0.2689533681743462
145116505,0.0,0.2689533681743462
155721174,0.0,0.2689533681743462
158767701,0.0,0.2689533681743462
159310831,0.0,0.2689533681743462
161865839,0.0,0.2689533681743462
162588433,0.0,0.2689533681743462
165126249,0.0,0.2689533681743462
171111148,0.0,0.2689533681743462
171479279,0.0,0.2689533681743462
172319984,0.0,0.2689533681743462
172792208,0.0,0.2689533681743462
173111783,0.0,0.2689533681743462
175794532,0.0,0.2689533681743462
182461080,0.0,0.2689533681743462
182486498,0.0,0.2689533681743462
183395282,0.0,0.2689533681743462
185943240,0.0,0.2689533681743462
189909193,0.0,0.2689533681743462
192931075,0.0,0.2689533681743462
198193729,0.0,0.2689533681743462
198321313,0.0,0.2689533681743462
201516632,0.0,0.2689533681743462
204365745,0.0,0.2689533681743462
212296148,0.0,0.2689533681743462
217646297,0.0,0.2689533681743462
219179750,0.0,0.2689533681743462
219892038,0.0,0.2689533681743462
222502985,0.0,0.2689533681743462
230855973,0.0,0.2689533681743462
230967823,0.0,0.2689533681743462
243698346,0.0,0.2689533681743462
245325653,0.0,0.2689533681743462
248044772,0.0,0.2689533681743462
251037575,0.0,0.2689533681743462
257956505,0.0,0.2689533681743462
258255431,0.0,0.2689533681743462
265267378,0.0,0.2689533681743462
269848982,0.0,0.2689533681743462
281347166,0.0,0.2689533681743462
295899909,0.0,0.2689533681743462
299344973,0.0,0.2689533681743462
301927071,0.0,0.2689533681743462
302307386,0.0,0.2689533681743462
308687894,0.0,0.2689533681743462
315590903,0.18578164217218932,0.33314003386981406
316248496,0.0,0.2689533681743462
334124223,0.0,0.2689533681743462
337235669,0.0,0.2689533681743462
338019600,0.0,0.2689533681743462
345123964,0.0,0.2689533681743462
371674510,0.0,0.2689533681743462
375725614,0.0,0.2689533681743462
416036451,0.0,0.2689533681743462
436037878,0.0,0.2689533681743462
444666301,0.0,0.2689533681743462
444702833,0.0,0.2689533681743462
454999400,0.0,0.2689533681743462
495390606,0.00017949601924511927,0.27972723116846476
502153191,0.0,0.2689533681743462
559250743,0.0,0.2689533681743462
572955179,0.0,0.2689533681743462
763948422,0.0,0.2689533681743462
308412461,0.025762967467406275,0.300775664618366
8242762,0.0,0.2312093282678199
68809946,0.0,0.2312093282678199
87314777,0.0,0.2312093282678199
93891693,0.0,0.2312093282678199
95456794,0.0,0.2312093282678199
123411122,0.0,0.2312093282678199
133049960,0.0,0.2312093282678199
138107050,0.0,0.2312093282678199
178106568,0.0,0.2312093282678199
188756223,0.0,0.2312093282678199
205344293,0.0,0.2312093282678199
215929449,0.0,0.2312093282678199
218230523,0.0,0.2312093282678199
222461301,0.0,0.2312093282678199
224565313,0.0,0.2312093282678199
236313790,0.0,0.2312093282678199
243553935,0.0,0.2312093282678199
245021707,0.0,0.2312093282678199
246008822,0.0,0.2312093282678199
257150831,0.0,0.2312093282678199
272508222,0.0,0.2312093282678199
274726072,0.0,0.2312093282678199
279670745,0.0,0.2312093282678199
283543717,0.0,0.2312093282678199
285884588,0.0,0.2312093282678199
306200668,0.0,0.2312093282678199
321535165,0.0,0.2312093282678199
327146206,0.0,0.2312093282678199
367814813,0.0,0.2312093282678199
385037888,0.0,0.2312093282678199
404969475,0.0,0.2312093282678199
406869817,0.0,0.2312093282678199
474796608,0.0,0.2312093282678199
480479612,0.0,0.2312093282678199
486581518,0.0,0.2312093282678199
504800054,0.0,0.2312093282678199
541706257,0.0,0.2312093282678199
232210943,0.07396220400982911,0.2334283360543675
2592129,0.0,0.1892391792027198
5204852,0.0,0.1892391792027198
7395790,0.0,0.1892391792027198
38969972,0.0,0.1892391792027198
51647131,0.0,0.1892391792027198
70122350,0.0,0.1892391792027198
71880856,0.0,0.1892391792027198
78840885,0.0,0.1892391792027198
99446010,0.0,0.1892391792027198
104004189,0.0,0.1892391792027198
107080367,0.0,0.1892391792027198
119080814,0.021753422048823606,0.2606012341585806
124949193,0.0,0.1892391792027198
133822148,0.0,0.1892391792027198
135230583,0.0,0.1892391792027198
135683002,0.0,0.1892391792027198
136618119,0.0,0.1892391792027198
142620506,0.0,0.1892391792027198
142735375,0.0,0.1892391792027198
143190296,0.0,0.1892391792027198
145448213,0.0,0.1892391792027198
149087191,0.0,0.1892391792027198
149196133,0.0,0.1892391792027198
153658993,0.0,0.1892391792027198
155382078,0.0,0.1892391792027198
156037338,0.0,0.1892391792027198
156311956,0.0,0.1892391792027198
158587822,0.0,0.1892391792027198
158972535,0.0,0.1892391792027198
159176764,0.0,0.1892391792027198
161132177,0.0,0.1892391792027198
163135389,0.0,0.1892391792027198
164159663,0.0,0.1892391792027198
170499139,0.0,0.1892391792027198
173306258,0.0,0.1892391792027198
174050122,0.0,0.1892391792027198
176691325,0.0,0.1892391792027198
177023957,0.0,0.1892391792027198
179776879,0.0,0.1892391792027198
184703668,0.0,0.1892391792027198
187978760,0.0,0.1892391792027198
188495254,0.0,0.1892391792027198
190082472,0.0,0.1892391792027198
195522288,0.0,0.1892391792027198
196104681,0.0,0.1892391792027198
196527597,0.0,0.1892391792027198
199069671,0.0,0.1892391792027198
203710008,0.0,0.1892391792027198
203723631,0.0,0.1892391792027198
204399027,0.0,0.1892391792027198
207617451,0.0,0.1892391792027198
208108071,0.0,0.1892391792027198
210208430,0.0,0.1892391792027198
212533955,0.0,0.1892391792027198
216527966,0.0,0.1892391792027198
216854335,0.0,0.1892391792027198
218247371,0.0,0.1892391792027198
220614460,0.0,0.1892391792027198
222359842,0.0,0.1892391792027198
224816985,0.0,0.1892391792027198
226502889,0.0,0.1892391792027198
230447428,0.0,0.1892391792027198
233059972,0.0,0.1892391792027198
234540865,0.0,0.1892391792027198
237701866,0.0,0.1892391792027198
239363070,0.0,0.1892391792027198
240213947,0.0,0.1892391792027198
241691650,0.0,0.1892391792027198
250901095,0.0,0.1892391792027198
255314703,0.0,0.1892391792027198
266040100,0.0,0.1892391792027198
266861768,0.0,0.1892391792027198
267006860,0.0,0.1892391792027198
273777609,0.0,0.1892391792027198
274062559,0.0,0.1892391792027198
277809453,0.0,0.1892391792027198
295595447,0.0,0.1892391792027198
299849678,0.0,0.1892391792027198
307621437,0.0,0.1892391792027198
308625075,0.0,0.1892391792027198
312867132,0.0,0.1892391792027198
333516339,0.0,0.1892391792027198
351927624,0.0,0.1892391792027198
357302416,0.0,0.1892391792027198
381915968,0.0,0.1892391792027198
390781320,0.0,0.1892391792027198
408942446,0.0,0.1892391792027198
427257308,0.0,0.1892391792027198
430325943,0.0,0.1892391792027198
432255088,0.0,0.1892391792027198
460388044,0.0,0.1892391792027198
461993517,0.0,0.1892391792027198
462950035,0.0,0.1892391792027198
469038069,0.0,0.1892391792027198
479274715,0.0,0.1892391792027198
484681098,0.0,0.1892391792027198
486704313,0.0,0.1892391792027198
502471566,0.0,0.1892391792027198
518530700,0.0,0.1892391792027198
519438893,0.0,0.1892391792027198
525027128,0.0,0.1892391792027198
556003312,0.0,0.1892391792027198
557867272,0.0,0.1892391792027198
571408050,0.0,0.1892391792027198
585861961,0.0,0.1892391792027198
589727587,0.0,0.1892391792027198
599773749,0.0,0.1892391792027198
606455485,0.0,0.1892391792027198
614376155,0.0,0.1892391792027198
3324629,0.0,0.25315351431493766
4762730,0.0,0.25315351431493766
4879120,0.0,0.25315351431493766
5348141,0.0,0.25315351431493766
7569071,0.0,0.25315351431493766
11285524,0.0,0.25315351431493766
19533944,0.0,0.25315351431493766
20866982,0.0,0.25315351431493766
38537666,0.0,0.25315351431493766
44014130,0.0,0.25315351431493766
52418407,0.0,0.25315351431493766
54901242,0.0,0.25315351431493766
56780432,0.0,0.25315351431493766
57197986,0.0,0.25315351431493766
76641985,0.0,0.25315351431493766
78094414,0.0,0.25315351431493766
87819361,0.0,0.25315351431493766
88558505,0.007320775791297217,0.28728742660545026
90783289,0.0,0.25315351431493766
92806738,0.0,0.25315351431493766
94088908,0.0,0.25315351431493766
109596487,0.0,0.25315351431493766
112120311,0.0,0.25315351431493766
115236472,0.0,0.25315351431493766
125120955,0.0,0.25315351431493766
127271384,0.0,0.25315351431493766
128952006,0.0,0.25315351431493766
132494493,0.0,0.25315351431493766
133272561,0.0,0.25315351431493766
135231792,0.0,0.25315351431493766
135272730,0.0,0.25315351431493766
136130679,0.0,0.25315351431493766
137186993,0.0,0.25315351431493766
138012584,0.0,0.25315351431493766
138220231,0.0,0.25315351431493766
139340765,0.0,0.25315351431493766
142332761,0.0,0.25315351431493766
143845199,0.0,0.25315351431493766
150492799,0.0,0.25315351431493766
150671385,0.0,0.25315351431493766
151537086,0.0,0.25315351431493766
153654230,0.0,0.25315351431493766
154160517,0.0,0.25315351431493766
155042789,0.0,0.25315351431493766
155926042,0.0,0.25315351431493766
157248991,0.0,0.25315351431493766
157495205,0.0,0.25315351431493766
157660382,0.0,0.25315351431493766
157878738,0.0,0.25315351431493766
158210499,0.0,0.25315351431493766
159413350,0.0,0.25315351431493766
159727578,0.0,0.25315351431493766
159840243,0.0,0.25315351431493766
161893036,0.0,0.25315351431493766
161979917,0.0,0.25315351431493766
162420889,0.0,0.25315351431493766
162541502,0.0,0.25315351431493766
162571472,0.0,0.25315351431493766
162766534,0.0,0.25315351431493766
163208917,0.0,0.25315351431493766
163775320,0.0,0.25315351431493766
164318253,0.0,0.25315351431493766
165525037,0.0,0.25315351431493766
169008880,0.0,0.25315351431493766
169442759,0.0,0.25315351431493766
169822242,0.0,0.25315351431493766
171861073,0.0,0.25315351431493766
172574901,0.0,0.25315351431493766
173676571,0.0,0.25315351431493766
174009456,0.0,0.25315351431493766
174907453,0.0,0.25315351431493766
175151938,0.0,0.25315351431493766
175489299,0.0,0.25315351431493766
175557832,0.0,0.25315351431493766
179896042,0.0,0.25315351431493766
179947871,0.0,0.25315351431493766
180248982,0.0,0.25315351431493766
180443281,0.0,0.25315351431493766
181676544,0.0,0.25315351431493766
182197135,0.0,0.25315351431493766
185038157,0.0,0.25315351431493766
185413872,0.0,0.25315351431493766
185477698,0.0,0.25315351431493766
186119848,0.0,0.25315351431493766
187384097,0.0,0.25315351431493766
189670327,0.0,0.25315351431493766
192531076,0.0,0.25315351431493766
192861125,0.0,0.25315351431493766
195041718,0.0,0.25315351431493766
195915965,0.0,0.25315351431493766
196916187,0.004625923385584342,0.2594234287072628
197189472,0.0,0.25315351431493766
197217728,0.0,0.25315351431493766
202326619,0.0,0.25315351431493766
203739504,0.0,0.25315351431493766
204919366,0.0,0.25315351431493766
205984342,0.0,0.25315351431493766
207067225,0.0,0.25315351431493766
209566569,0.0,0.25315351431493766
209679806,0.0,0.25315351431493766
211031823,0.0,0.25315351431493766
218225067,0.0,0.25315351431493766
219640966,0.0,0.25315351431493766
220177154,0.0,0.25315351431493766
220328428,0.0,0.25315351431493766
221681106,0.0,0.25315351431493766
225010867,0.0,0.25315351431493766
228128499,0.0,0.25315351431493766
228375825,0.0,0.25315351431493766
229445270,0.0,0.25315351431493766
231308121,0.0,0.25315351431493766
231446735,0.0,0.25315351431493766
233063340,0.0,0.25315351431493766
233073225,0.0,0.25315351431493766
235380274,0.0,0.25315351431493766
235696113,0.0,0.25315351431493766
237764264,0.0,0.25315351431493766
239564292,0.0,0.25315351431493766
241794803,0.0,0.25315351431493766
246412870,0.02451973018410203,0.2762272754368093
247179989,0.0,0.25315351431493766
249681090,0.0,0.25315351431493766
251213132,0.0,0.25315351431493766
251379279,0.0,0.25315351431493766
252076193,0.0,0.25315351431493766
256610603,0.0,0.25315351431493766
258248485,0.0,0.25315351431493766
259977795,0.0,0.25315351431493766
260674539,0.0,0.25315351431493766
261536746,0.0,0.25315351431493766
262182779,0.0,0.25315351431493766
263507823,0.0,0.25315351431493766
265416559,0.0,0.25315351431493766
266978128,0.0,0.25315351431493766
272031047,0.0,0.25315351431493766
276094518,0.0,0.25315351431493766
278313559,0.0,0.25315351431493766
288633137,0.0,0.25315351431493766
299547783,0.0,0.25315351431493766
303145021,0.0,0.25315351431493766
303423988,0.0,0.25315351431493766
304245640,0.0,0.25315351431493766
306808735,0.0,0.25315351431493766
307637832,0.0,0.25315351431493766
318118333,0.0,0.25315351431493766
318865662,0.0,0.25315351431493766
319600748,0.0,0.25315351431493766
320478868,0.0,0.25315351431493766
320979891,0.0,0.25315351431493766
321483032,0.0,0.25315351431493766
331418212,0.0,0.25315351431493766
335892490,0.0,0.25315351431493766
354554391,0.0,0.25315351431493766
355481601,0.0,0.25315351431493766
367506680,0.03193089754121242,0.2558389545184925
370660400,0.0,0.25315351431493766
370937832,0.0,0.25315351431493766
377839211,0.0,0.25315351431493766
387199707,0.0,0.25315351431493766
408792730,0.0,0.25315351431493766
411358549,0.0,0.25315351431493766
417172787,0.0,0.25315351431493766
420469291,0.0,0.25315351431493766
434896354,0.0,0.25315351431493766
436351338,0.0,0.25315351431493766
448628869,0.0,0.25315351431493766
471745179,0.0,0.25315351431493766
480444450,0.0,0.25315351431493766
483774994,0.0,0.25315351431493766
485870426,0.0,0.25315351431493766
486687552,0.0,0.25315351431493766
507097088,0.0,0.25315351431493766
519345890,0.0,0.25315351431493766
522524435,0.0,0.25315351431493766
579486836,0.0,0.25315351431493766
612386544,0.0,0.25315351431493766
644820755,0.0,0.25315351431493766
661429219,0.0,0.25315351431493766
730850287,0.0,0.25315351431493766
139939428,0.09185929236347622,0.3040255711640305
6573034,0.0,0.23312496074960995
22620530,0.0,0.23312496074960995
41681891,0.0,0.23312496074960995
41736089,0.0,0.23312496074960995
46616159,0.0,0.23312496074960995
59821192,0.0,0.23312496074960995
66655555,0.0,0.23312496074960995
72258962,0.0,0.23312496074960995
75285165,0.0,0.23312496074960995
75803423,0.0,0.23312496074960995
78667374,0.0,0.23312496074960995
79049146,0.0,0.23312496074960995
79147814,0.0,0.23312496074960995
85037961,0.0,0.23312496074960995
88714382,0.0,0.23312496074960995
96730172,0.0,0.23312496074960995
97276443,0.0,0.23312496074960995
104387982,0.0,0.23312496074960995
108204300,0.0,0.23312496074960995
108850147,0.0,0.23312496074960995
114317420,0.0,0.23312496074960995
117977245,0.0,0.23312496074960995
123562060,0.0,0.23312496074960995
127644662,0.0,0.23312496074960995
128540217,0.0,0.23312496074960995
131495342,0.0,0.23312496074960995
132021488,0.0,0.23312496074960995
134313555,0.0,0.23312496074960995
134792309,0.0,0.23312496074960995
134900238,0.0,0.23312496074960995
135416706,0.0,0.23312496074960995
135780150,0.0,0.23312496074960995
138022544,0.0,0.23312496074960995
139508029,0.0,0.23312496074960995
139540281,0.0,0.23312496074960995
140384517,0.0,0.23312496074960995
142215985,0.0,0.23312496074960995
142686731,0.0,0.23312496074960995
142840733,0.0,0.23312496074960995
142904514,0.0,0.23312496074960995
143828036,0.0,0.23312496074960995
144574617,0.0,0.23312496074960995
148048722,0.0,0.23312496074960995
148163832,0.0,0.23312496074960995
148170042,0.0,0.23312496074960995
150548419,0.0,0.23312496074960995
154501246,0.0,0.23312496074960995
157362346,0.0,0.23312496074960995
158215887,0.0,0.23312496074960995
161723243,0.0,0.23312496074960995
162159770,0.0,0.23312496074960995
164329579,0.0,0.23312496074960995
167287159,0.0,0.23312496074960995
167749583,0.0,0.23312496074960995
168389288,0.0,0.23312496074960995
171253015,0.0,0.23312496074960995
171301158,0.0,0.23312496074960995
175935434,0.0,0.23312496074960995
178516445,0.0,0.23312496074960995
182134916,0.0,0.23312496074960995
183517753,0.0,0.23312496074960995
186537494,0.0,0.23312496074960995
187267231,0.0,0.23312496074960995
193043483,0.0,0.23312496074960995
194499929,0.0,0.23312496074960995
200989073,0.0,0.23312496074960995
201870265,0.0,0.23312496074960995
206462054,0.0,0.23312496074960995
207643102,0.0,0.23312496074960995
213123820,0.0,0.23312496074960995
220126295,0.0,0.23312496074960995
221444439,0.0,0.23312496074960995
229415036,0.0,0.23312496074960995
229699123,0.0,0.23312496074960995
232180409,0.0,0.23312496074960995
237390671,0.0,0.23312496074960995
238125021,0.0,0.23312496074960995
241817920,0.0,0.23312496074960995
247041357,0.0,0.23312496074960995
250331974,0.0,0.23312496074960995
254831724,0.0,0.23312496074960995
258925218,0.0,0.23312496074960995
267652970,0.0,0.23312496074960995
270251699,0.0,0.23312496074960995
273251895,0.0,0.23312496074960995
273508046,0.0,0.23312496074960995
275485830,0.0,0.23312496074960995
276581495,0.0,0.23312496074960995
278085642,0.0,0.23312496074960995
280519417,0.0,0.23312496074960995
285967038,0.0,0.23312496074960995
291865749,0.0,0.23312496074960995
293032402,0.0,0.23312496074960995
297272617,0.0,0.23312496074960995
304378820,0.0,0.23312496074960995
304485346,0.0,0.23312496074960995
310048249,0.0,0.23312496074960995
332750526,0.0,0.23312496074960995
343962778,0.0,0.23312496074960995
352238302,0.0,0.23312496074960995
357698566,0.0,0.23312496074960995
360803877,0.0,0.23312496074960995
365734269,0.0,0.23312496074960995
368449303,0.0,0.23312496074960995
378087690,0.0,0.23312496074960995
390379444,0.0,0.23312496074960995
425382019,0.0,0.23312496074960995
432901169,0.0,0.23312496074960995
446261877,0.0,0.23312496074960995
448518431,0.0,0.23312496074960995
451914440,0.0,0.23312496074960995
457242986,0.0,0.23312496074960995
478454950,0.0,0.23312496074960995
514984127,0.0,0.23312496074960995
515067021,0.0,0.23312496074960995
516081682,0.0,0.23312496074960995
521910098,0.0,0.23312496074960995
528420635,0.0,0.23312496074960995
544030142,0.0,0.23312496074960995
560669997,0.0,0.23312496074960995
573212799,0.0,0.23312496074960995
576590035,0.0,0.23312496074960995
578544887,0.0,0.23312496074960995
599739701,0.0,0.23312496074960995
613361537,0.0,0.23312496074960995
615466416,0.0,0.23312496074960995
617893869,0.0,0.23312496074960995
638232251,0.0,0.23312496074960995
664089557,0.0,0.23312496074960995
680919662,0.0,0.23312496074960995
738893263,0.0,0.23312496074960995
777953562,0.0,0.23312496074960995
789483275,0.0,0.23312496074960995
820773109,0.0,0.23312496074960995
826104379,0.0,0.23312496074960995
2907518,0.0,0.24278837592322547
6500400,0.0,0.24278837592322547
23703136,0.0,0.26571626625205524
25635507,0.0,0.24278837592322547
28968767,0.0,0.24278837592322547
33856658,0.0,0.24278837592322547
39519441,0.0,0.24278837592322547
51377986,0.0,0.24278837592322547
52121607,0.0,0.24278837592322547
53536660,0.0,0.24278837592322547
54787205,0.0,0.24278837592322547
55860665,0.0,0.24278837592322547
57499533,0.0,0.24278837592322547
61535284,0.0,0.24278837592322547
62087708,0.0,0.24278837592322547
67188787,0.0,0.24278837592322547
72049730,0.0,0.24278837592322547
74096000,0.0,0.24278837592322547
77183166,0.0,0.24278837592322547
77712521,0.0,0.24278837592322547
84892077,0.0,0.24278837592322547
97442947,0.0,0.24278837592322547
97534519,0.0,0.24278837592322547
108877676,0.0,0.24278837592322547
111136783,0.0,0.24278837592322547
120139337,0.0,0.24278837592322547
121197752,0.0,0.24278837592322547
121506807,0.0,0.24278837592322547
131656803,0.0,0.24278837592322547
131852593,0.0,0.24278837592322547
136412745,0.0,0.24278837592322547
141130157,0.0,0.24278837592322547
141764913,0.0,0.24278837592322547
145416028,0.0,0.24278837592322547
146235636,0.0,0.24278837592322547
146609058,0.0,0.2795365142484122
146697287,0.034465887889247614,0.33972554353556444
146877480,0.0,0.24278837592322547
147154209,0.0,0.24278837592322547
147536980,0.0,0.24278837592322547
148624619,0.0,0.24278837592322547
151141074,0.0,0.24278837592322547
152293740,0.0,0.24278837592322547
152824782,0.0,0.24278837592322547
153261721,0.0,0.24278837592322547
153878842,0.0,0.24278837592322547
154143466,0.0,0.24278837592322547
154533225,0.0,0.24278837592322547
154539933,0.0,0.24278837592322547
157775100,0.0,0.24278837592322547
160340327,0.0,0.24278837592322547
161902813,0.0,0.24278837592322547
164408274,0.0,0.24278837592322547
165315515,0.0,0.24278837592322547
166282823,0.0,0.24278837592322547
167236489,0.0,0.24278837592322547
168267919,0.0,0.24278837592322547
170286172,0.0,0.24278837592322547
170907369,0.0,0.24278837592322547
180662897,0.0,0.24278837592322547
185381615,0.0,0.24278837592322547
185952078,0.0,0.24278837592322547
186512757,0.0,0.24278837592322547
194823123,0.0,0.24278837592322547
196082104,0.0,0.24278837592322547
196786098,0.0,0.24278837592322547
197783551,0.0,0.24278837592322547
199199765,0.0,0.24278837592322547
205979507,0.0,0.24278837592322547
208217863,0.0,0.24278837592322547
209549192,0.0,0.24278837592322547
212844354,0.0,0.24278837592322547
213308152,0.0,0.24278837592322547
216691345,0.0,0.24278837592322547
220638235,0.0,0.24278837592322547
223092111,0.0,0.24278837592322547
225407101,0.0,0.24278837592322547
227894708,0.0,0.24278837592322547
228270264,0.0,0.24278837592322547
229204168,0.0,0.24278837592322547
232363476,0.0,0.24278837592322547
235636198,0.0,0.24278837592322547
236218000,0.0,0.24278837592322547
236831570,0.0,0.24278837592322547
237735787,0.0,0.24278837592322547
240061669,0.0,0.2795365142484122
241261239,0.0,0.24278837592322547
248300894,0.0,0.24278837592322547
249214270,0.0,0.24278837592322547
250563941,0.0,0.24278837592322547
250913764,0.0,0.24278837592322547
252378489,0.0,0.24278837592322547
255145905,0.0,0.24278837592322547
256512195,0.0,0.24278837592322547
263547986,0.0,0.24278837592322547
265366298,0.0,0.24278837592322547
266292646,0.0,0.24278837592322547
272707611,0.0,0.24278837592322547
273234766,0.0,0.24278837592322547
278779561,0.0,0.24278837592322547
279615435,0.0,0.24278837592322547
282725162,0.0,0.24278837592322547
282891792,0.0,0.24278837592322547
288995321,0.0,0.24278837592322547
292587908,0.0,0.24278837592322547
293834577,0.0,0.24278837592322547
295691357,0.0,0.24278837592322547
310460130,0.0,0.24278837592322547
311010927,0.0,0.24278837592322547
323521388,0.0,0.24278837592322547
327434761,0.0,0.24278837592322547
332510610,0.0,0.24278837592322547
335932479,0.0,0.24278837592322547
337106675,0.0,0.24278837592322547
342659364,0.0,0.24278837592322547
348277085,0.0,0.24278837592322547
351364301,0.0,0.24278837592322547
361109204,0.0,0.24278837592322547
368267404,0.0,0.24278837592322547
371478677,0.0,0.24278837592322547
375590837,0.0,0.24278837592322547
377852391,0.0,0.24278837592322547
384510656,0.0,0.24278837592322547
385766579,0.0,0.24278837592322547
390674774,0.0,0.24278837592322547
393285679,0.0,0.24278837592322547
399109150,0.0,0.24278837592322547
401491391,0.0,0.24278837592322547
408548150,0.0,0.24278837592322547
412338088,0.0,0.24278837592322547
415996244,0.0,0.24278837592322547
428243858,0.0,0.24278837592322547
429858685,0.0,0.24278837592322547
431848501,0.0,0.24278837592322547
437507267,0.0,0.24278837592322547
438532924,0.0,0.24278837592322547
441321565,0.0,0.24278837592322547
452067796,0.0,0.24278837592322547
455283610,0.0,0.24278837592322547
465197850,0.0,0.24278837592322547
473330341,0.0,0.24278837592322547
477925189,0.0,0.24278837592322547
495297154,0.0,0.24278837592322547
506515424,0.0,0.24278837592322547
508902338,0.0,0.24278837592322547
510966333,0.0,0.24278837592322547
514248464,0.0,0.24278837592322547
520010491,0.0,0.24278837592322547
553769484,0.0,0.24278837592322547
554963862,0.0,0.24278837592322547
608050789,0.0,0.24278837592322547
619561446,0.0,0.24278837592322547
706942590,0.0,0.24278837592322547
738167721,0.0,0.24278837592322547
752387220,0.0,0.24278837592322547
1051902,0.0,0.2753263038937498
2782350,0.0,0.2753263038937498
4572880,0.0,0.2753263038937498
5400882,0.0,0.2753263038937498
6104766,0.0,0.2753263038937498
6328827,0.0,0.2753263038937498
8099100,0.0,0.2753263038937498
8842785,0.0,0.2753263038937498
9027529,0.0,0.2753263038937498
9306043,0.0,0.2753263038937498
11028864,0.0,0.2753263038937498
12880229,0.0,0.2753263038937498
14956033,0.0,0.2753263038937498
17015811,0.0,0.2753263038937498
28448873,0.0,0.2753263038937498
28947832,0.0,0.2753263038937498
29327100,0.0,0.2753263038937498
30737718,0.0,0.2753263038937498
31497447,0.0,0.2753263038937498
38507307,0.0,0.2753263038937498
39720057,0.0,0.2753263038937498
40360732,0.0,0.2753263038937498
40834866,0.0,0.2753263038937498
41189442,0.0,0.2753263038937498
46349389,0.0,0.2753263038937498
48907782,0.0,0.2753263038937498
49847216,0.0,0.2753263038937498
51081395,0.0,0.2753263038937498
51857442,0.0,0.2753263038937498
52274628,0.0,0.2753263038937498
55389773,0.0,0.2753263038937498
60276827,0.0,0.2753263038937498
62933662,0.0,0.2753263038937498
64027970,0.0,0.2753263038937498
66333321,0.0,0.2753263038937498
67114080,0.0,0.2753263038937498
67947749,0.0,0.2753263038937498
68230032,0.0,0.2753263038937498
68991473,0.0,0.2753263038937498
70284440,0.0,0.2753263038937498
71555133,0.0,0.2753263038937498
72148538,0.0,0.2753263038937498
79037950,0.0,0.2753263038937498
82065387,0.0,0.2753263038937498
87836397,0.0,0.2753263038937498
89294791,0.0,0.2753263038937498
89782212,0.0,0.2753263038937498
95005220,0.0,0.2753263038937498
95396395,0.0,0.2753263038937498
97805586,0.0,0.2753263038937498
98274034,0.0,0.2753263038937498
98358035,0.0,0.2753263038937498
100698259,0.0,0.2753263038937498
101192905,0.0,0.2753263038937498
101610006,0.0,0.2753263038937498
103006701,0.0,0.2753263038937498
103805164,0.0,0.2753263038937498
106780913,0.0,0.2753263038937498
111904869,0.0,0.2753263038937498
112841868,0.0,0.2753263038937498
113887724,0.0,0.2753263038937498
114288619,0.0,0.2753263038937498
114293539,0.0,0.2753263038937498
117959393,0.0,0.2753263038937498
119286508,0.0,0.2753263038937498
119447322,0.0,0.2753263038937498
121432830,0.0,0.2753263038937498
121920256,0.0,0.2753263038937498
124257815,0.0,0.2753263038937498
124748205,0.0,0.2753263038937498
126303998,0.0,0.2753263038937498
126338108,0.0,0.2753263038937498
126464645,0.0,0.2753263038937498
129951978,0.0,0.2753263038937498
131180183,0.0,0.2753263038937498
132243136,0.0,0.2753263038937498
134708457,0.0,0.2753263038937498
135469600,0.0,0.2753263038937498
135653914,0.0,0.2753263038937498
136421618,0.0,0.2753263038937498
139611489,0.0,0.2753263038937498
140374826,0.0,0.2753263038937498
143706916,0.0,0.2753263038937498
144193327,0.0,0.2753263038937498
145288628,0.0,0.2753263038937498
145307787,0.0,0.2753263038937498
145420085,0.0,0.2753263038937498
145464357,0.0,0.2753263038937498
146071548,0.0,0.2753263038937498
146509051,0.0,0.2753263038937498
147621509,0.0,0.2753263038937498
149160881,0.0,0.2753263038937498
150263813,0.0,0.2753263038937498
150578675,0.0,0.2753263038937498
151381592,0.0,0.2753263038937498
151404454,0.0,0.2753263038937498
151423140,0.0,0.2753263038937498
152721300,0.0,0.2753263038937498
152782382,0.0,0.2753263038937498
154043905,0.0,0.2753263038937498
155111279,0.0,0.2753263038937498
155419951,0.0,0.2753263038937498
156025768,0.0,0.2753263038937498
157538161,0.0,0.2753263038937498
158786167,0.0,0.2753263038937498
159712408,0.0,0.2753263038937498
159819899,0.0,0.2753263038937498
162435917,0.0,0.2753263038937498
162891372,0.0,0.2753263038937498
163303904,0.0,0.2753263038937498
163700910,0.0,0.2753263038937498
164124528,0.0,0.2753263038937498
164546264,0.0,0.2753263038937498
164911112,0.0,0.2753263038937498
165120836,0.0,0.2753263038937498
165971328,0.0,0.2753263038937498
168782574,0.0,0.2753263038937498
172363148,0.0,0.2753263038937498
173507094,0.0,0.2753263038937498
174901327,0.0,0.2753263038937498
181197186,0.0,0.2753263038937498
182371790,0.0,0.2753263038937498
182405236,0.0,0.2753263038937498
183240790,0.0,0.2753263038937498
183919252,0.0,0.2753263038937498
186856646,0.0,0.2753263038937498
188277696,0.0,0.2753263038937498
189360572,0.0,0.2753263038937498
189725399,0.0,0.2753263038937498
190031343,0.0,0.2753263038937498
190667011,0.0,0.2753263038937498
193174000,0.0,0.2753263038937498
193338092,0.0,0.2846658789712803
193803680,0.0,0.2753263038937498
194680675,0.0,0.2753263038937498
195263975,0.0,0.2753263038937498
195912685,0.0,0.2753263038937498
196334628,0.0,0.2753263038937498
201167687,0.0,0.2753263038937498
201370710,0.0,0.2753263038937498
202145924,0.0,0.2753263038937498
203170909,0.0,0.2753263038937498
203728759,0.004764092924648194,0.29110471566978885
203757695,0.0,0.2753263038937498
205725965,0.0,0.2753263038937498
205843193,0.0,0.2753263038937498
207077260,0.0,0.2753263038937498
209463748,0.0,0.2753263038937498
211827915,0.0,0.2753263038937498
212634232,0.0,0.2753263038937498
215092567,0.0,0.2753263038937498
218816770,0.0,0.2753263038937498
220627047,0.0,0.2753263038937498
220867080,0.0,0.2753263038937498
222001421,0.0,0.2753263038937498
222600931,0.0,0.2753263038937498
222633318,0.0,0.2753263038937498
225744094,0.0,0.2753263038937498
226028771,0.0,0.2753263038937498
228585146,0.0,0.2753263038937498
228961901,0.0,0.2753263038937498
232914249,0.0,0.2753263038937498
233807328,0.0,0.2753263038937498
235113029,0.0,0.2753263038937498
237035112,0.0,0.2753263038937498
237339632,0.0,0.2753263038937498
237565807,0.0,0.2753263038937498
237992986,0.0,0.2753263038937498
238102919,0.0,0.2753263038937498
239532618,0.0,0.2753263038937498
239777843,0.0,0.2753263038937498
240411717,0.0,0.2753263038937498
240631143,0.0,0.2753263038937498
247591719,0.0,0.2753263038937498
248743727,0.0,0.2753263038937498
252136351,0.0,0.2753263038937498
255620412,0.0,0.2753263038937498
259922664,0.0,0.2753263038937498
263331353,0.0,0.2753263038937498
263572179,0.0,0.2753263038937498
269781065,0.0,0.2753263038937498
269842719,0.0,0.2753263038937498
270274265,0.0,0.2753263038937498
270688531,0.0,0.2753263038937498
270780454,0.0,0.2753263038937498
270789866,0.0,0.2753263038937498
272981390,0.0,0.2753263038937498
274338484,0.0,0.2753263038937498
277914421,0.0,0.2753263038937498
278080854,0.0,0.2753263038937498
279139623,0.0,0.2753263038937498
282792692,0.0,0.2753263038937498
284317537,0.0,0.2753263038937498
285412230,0.0,0.2753263038937498
290011960,0.0,0.2753263038937498
290111382,0.0,0.2753263038937498
293260549,0.0,0.2753263038937498
294294320,0.0,0.2753263038937498
295545425,0.0,0.2753263038937498
295592674,0.0,0.2753263038937498
301891893,0.0,0.2753263038937498
302510652,0.0,0.2753263038937498
307925913,0.0,0.2753263038937498
310918762,0.0,0.2753263038937498
314493136,0.0,0.2753263038937498
317509216,0.0,0.2753263038937498
320345160,0.0,0.2753263038937498
321652185,0.0,0.2753263038937498
325135238,0.0,0.2753263038937498
325195960,0.0,0.2753263038937498
327438754,0.0,0.2753263038937498
338753076,0.0,0.2753263038937498
338845130,0.0,0.2753263038937498
340425823,0.0,0.2753263038937498
342763571,0.0,0.2753263038937498
346951157,0.0,0.2753263038937498
348744043,0.0,0.2753263038937498
355584508,0.0,0.2753263038937498
358539888,0.0,0.2753263038937498
358789487,0.0,0.2753263038937498
363556217,0.0,0.2753263038937498
366123165,0.0,0.2753263038937498
368553623,0.0,0.2753263038937498
377526735,0.0,0.2753263038937498
378572038,0.0,0.2753263038937498
381673640,0.0,0.2753263038937498
381914712,0.0,0.2753263038937498
382786344,0.0,0.2753263038937498
383959113,0.0,0.2753263038937498
393617650,0.0,0.2753263038937498
393704831,0.0,0.2753263038937498
396455806,0.0,0.2753263038937498
412317236,0.0,0.2753263038937498
413173664,0.0,0.2753263038937498
414040544,0.0,0.2753263038937498
420098614,0.0,0.2753263038937498
426076898,0.0,0.2753263038937498
426698524,0.0,0.2753263038937498
430245844,0.0,0.2753263038937498
430595021,0.0,0.2753263038937498
432006436,0.0,0.2753263038937498
447837245,0.0,0.2753263038937498
450193069,0.0,0.2753263038937498
451000377,0.0,0.2753263038937498
455212951,0.0,0.2753263038937498
457513507,0.0,0.2753263038937498
458789850,0.0,0.2753263038937498
459005372,0.0,0.2753263038937498
465119338,0.0,0.2753263038937498
474670532,0.0,0.2753263038937498
475126509,0.0,0.2753263038937498
477508323,0.0,0.2753263038937498
481185277,0.0,0.2753263038937498
483241699,0.0,0.2753263038937498
490295147,0.0,0.2753263038937498
493542232,0.0,0.2753263038937498
498245216,0.0,0.2753263038937498
511585545,0.0,0.2753263038937498
512229050,0.0,0.2753263038937498
512865206,0.0,0.2753263038937498
513387474,0.0,0.2753263038937498
513636702,0.0,0.2753263038937498
521370047,0.0,0.2753263038937498
522547803,0.0,0.2753263038937498
529261937,0.0,0.2753263038937498
567208331,0.0,0.2753263038937498
599547050,0.0,0.2753263038937498
611253394,0.0,0.2753263038937498
615585869,0.0,0.2753263038937498
616079156,0.0,0.2753263038937498
620016037,0.0,0.2753263038937498
644173010,0.0,0.2753263038937498
686785013,0.0,0.2753263038937498
808801587,0.0,0.2753263038937498
6032846,0.0,0.26183755056914954
6096613,0.0,0.26183755056914954
8509193,0.0,0.26183755056914954
13566896,0.0,0.26183755056914954
22208419,0.0,0.26183755056914954
29223908,0.0,0.26183755056914954
33520803,0.0,0.26183755056914954
34769999,0.0,0.26183755056914954
37511311,0.0,0.26183755056914954
46560407,0.0,0.26183755056914954
50626514,0.0,0.26183755056914954
55037837,0.0,0.26183755056914954
56762586,0.0,0.26183755056914954
58900707,0.0,0.26183755056914954
59301118,0.0,0.26183755056914954
66594363,0.0,0.26183755056914954
77159806,0.0,0.26183755056914954
83937229,0.0,0.26183755056914954
85036491,0.0,0.26183755056914954
105878431,0.0,0.26183755056914954
108140333,0.0,0.26183755056914954
108462793,0.0,0.26183755056914954
108850608,0.0,0.26183755056914954
116597438,0.0,0.26183755056914954
116753644,0.0,0.26183755056914954
119228294,0.0,0.268024037335492
125662395,0.0,0.26183755056914954
125966248,0.0,0.26183755056914954
127942230,0.0,0.26183755056914954
130479470,0.0,0.26183755056914954
131951937,0.0,0.26183755056914954
134325461,0.0,0.26183755056914954
138877805,0.0,0.26183755056914954
142198677,0.0,0.26183755056914954
142537395,0.0,0.26183755056914954
144804750,0.0,0.26183755056914954
145572294,0.0,0.26183755056914954
147106885,0.0,0.26183755056914954
150190706,0.0,0.26183755056914954
156800448,0.0,0.26183755056914954
157312184,0.0,0.26183755056914954
157478817,0.0005728533916905385,0.27511516409015035
170981778,0.0,0.26183755056914954
175061050,0.0,0.26183755056914954
175076391,0.0,0.26183755056914954
178729636,0.0,0.26183755056914954
180093273,0.0,0.26183755056914954
183921312,0.0,0.26183755056914954
188623560,0.0,0.26183755056914954
192237609,0.0,0.26183755056914954
207477389,0.0,0.26183755056914954
212403921,0.0,0.26183755056914954
220297430,0.0,0.26183755056914954
221172011,0.0,0.26183755056914954
227542648,0.0,0.26183755056914954
231364396,0.0,0.26183755056914954
235517834,0.0,0.26183755056914954
242021678,0.0,0.26183755056914954
248138210,0.0,0.26183755056914954
267597339,0.0,0.26183755056914954
288865159,0.0,0.26183755056914954
313964230,0.0,0.26183755056914954
325288765,0.0,0.26183755056914954
345997435,0.0,0.26183755056914954
352082717,0.0,0.26183755056914954
372825602,0.0,0.26183755056914954
382378340,0.0,0.26183755056914954
385673295,0.0,0.26183755056914954
388057821,0.0,0.26183755056914954
391698991,0.0,0.26183755056914954
407373736,0.0,0.26183755056914954
411647743,0.0,0.26183755056914954
419482927,0.0,0.26183755056914954
447759093,0.0,0.26183755056914954
459279453,0.0,0.26183755056914954
494195764,0.0,0.26183755056914954
511341239,0.0,0.26183755056914954
518120047,0.0,0.26183755056914954
561140804,0.0,0.26183755056914954
578130158,0.0,0.26183755056914954
279602,0.0,0.26928142163524565
14238557,0.0,0.26928142163524565
52442974,0.0,0.26928142163524565
100469129,0.0,0.2798363291525398
106127484,0.0,0.26928142163524565
111036233,0.0,0.26928142163524565
135781331,0.0,0.26928142163524565
155604593,0.0,0.26928142163524565
163702268,0.0,0.26928142163524565
181009989,0.0,0.26928142163524565
181241525,0.0,0.26928142163524565
185016828,0.0,0.26928142163524565
189321142,0.0,0.26928142163524565
192076993,0.0,0.26928142163524565
198366540,0.0,0.26928142163524565
231349879,0.0,0.26928142163524565
236063000,0.0,0.26928142163524565
242707568,0.0,0.26928142163524565
242752210,0.0,0.26928142163524565
253905008,0.0,0.26928142163524565
257961531,0.0,0.26928142163524565
264728334,0.0,0.26928142163524565
270854486,0.0,0.26928142163524565
277833851,0.0,0.26928142163524565
308950753,0.0,0.26928142163524565
383191921,0.0,0.26928142163524565
394613194,0.0,0.26928142163524565
398315040,0.0,0.26928142163524565
408842779,0.0,0.26928142163524565
448813072,0.0,0.26928142163524565
496667884,0.0,0.26928142163524565
499438357,0.0,0.26928142163524565
515410789,0.0,0.26928142163524565
647714950,0.0,0.26928142163524565
713401182,0.0,0.26928142163524565
647992,0.0,0.2535560908020539
6021691,0.0,0.2535560908020539
7139204,0.0,0.2535560908020539
7651552,0.0,0.2535560908020539
11227882,0.0,0.2535560908020539
26600523,0.0,0.2535560908020539
68925222,0.0,0.2535560908020539
70169357,0.0,0.2535560908020539
86721047,0.0,0.2535560908020539
92089811,0.0,0.2535560908020539
93374066,0.0,0.2535560908020539
96296638,0.0,0.2535560908020539
98450626,0.0,0.2535560908020539
117778703,0.0,0.2535560908020539
130851988,0.0,0.2535560908020539
131938047,0.0,0.2535560908020539
137176459,0.0,0.2535560908020539
142509006,0.0,0.2535560908020539
150499003,0.0,0.2535560908020539
181163422,0.0,0.2535560908020539
183918530,0.0,0.2535560908020539
229301501,0.0,0.2535560908020539
251452339,0.0,0.2535560908020539
259809193,0.0,0.2535560908020539
268256435,0.0,0.2535560908020539
268482054,0.0,0.2535560908020539
274504994,0.0,0.2535560908020539
280398874,0.0,0.2535560908020539
280593901,0.0,0.2535560908020539
288804473,0.0,0.2535560908020539
293961101,0.0,0.2535560908020539
308612677,0.0,0.2535560908020539
324332118,0.0,0.2535560908020539
352812631,0.0,0.2535560908020539
398315178,0.0,0.2535560908020539
450153997,0.0,0.2535560908020539
457217295,0.0,0.2535560908020539
1516271,0.0,0.24986952740627272
10843741,0.0,0.24986952740627272
14692369,0.0,0.24986952740627272
19274573,0.0,0.24986952740627272
29012018,0.0,0.24986952740627272
31102462,0.0,0.24986952740627272
42381884,0.0,0.24986952740627272
50024248,0.0,0.24986952740627272
53056374,0.0,0.24986952740627272
54778209,0.0,0.24986952740627272
60095932,0.0,0.24986952740627272
63595221,0.0,0.24986952740627272
70813202,0.0,0.24986952740627272
74818572,0.0,0.24986952740627272
76275105,0.0,0.24986952740627272
76332814,0.0,0.24986952740627272
79829019,0.0,0.24986952740627272
80172046,0.0,0.24986952740627272
82158716,0.0,0.24986952740627272
84659693,0.0,0.24986952740627272
85477502,0.0,0.24986952740627272
98581563,0.0,0.24986952740627272
98819732,0.0,0.24986952740627272
101423294,0.0,0.24986952740627272
102940529,0.0,0.24986952740627272
103119093,0.0,0.24986952740627272
105384065,0.0,0.24986952740627272
105936659,0.0,0.24986952740627272
107918394,0.0,0.24986952740627272
107972640,0.0,0.24986952740627272
110026023,0.0,0.24986952740627272
115219619,0.0,0.24986952740627272
117249714,0.0,0.24986952740627272
123370471,0.0,0.24986952740627272
124768984,0.0,0.24986952740627272
124892199,0.0,0.24986952740627272
124983957,0.007547265626952741,0.2738812283412967
132386717,0.0,0.24986952740627272
132494487,0.0,0.24986952740627272
133602454,0.0,0.24986952740627272
135273440,0.0,0.24986952740627272
138063704,0.0,0.24986952740627272
139770567,0.0,0.24986952740627272
142043331,0.0,0.24986952740627272
142324248,0.0,0.24986952740627272
142874448,0.0,0.24986952740627272
144802522,0.0,0.24986952740627272
145022292,0.0,0.24986952740627272
145395854,0.0,0.24986952740627272
145477624,0.0,0.24986952740627272
145588222,0.0,0.24986952740627272
145791549,0.0,0.24986952740627272
145944003,0.0,0.24986952740627272
146505227,0.0,0.24986952740627272
146920700,0.0,0.24986952740627272
148393661,0.0,0.24986952740627272
149218047,0.0,0.24986952740627272
150767581,0.0,0.24986952740627272
151005302,0.0,0.24986952740627272
151100752,0.0,0.24986952740627272
152884693,0.0,0.24986952740627272
153359434,0.0,0.24986952740627272
154411277,0.0,0.24986952740627272
155536312,0.0,0.24986952740627272
156461036,0.0,0.24986952740627272
158931475,0.0,0.24986952740627272
159018622,0.0,0.24986952740627272
159047694,0.0,0.24986952740627272
159347969,0.0,0.24986952740627272
159906759,0.0,0.24986952740627272
162174291,0.0,0.24986952740627272
162919295,0.0,0.24986952740627272
164351482,0.0,0.24986952740627272
164627321,0.0,0.24986952740627272
165503867,0.0,0.24986952740627272
166819114,0.0,0.24986952740627272
168328743,0.0,0.24986952740627272
168762403,0.0,0.24986952740627272
169127091,0.0,0.24986952740627272
170105644,0.0,0.24986952740627272
172000075,0.0,0.24986952740627272
174173018,0.0,0.24986952740627272
177965738,0.0,0.24986952740627272
178355522,0.0,0.24986952740627272
179478475,0.0,0.24986952740627272
181872089,0.0,0.24986952740627272
181909227,0.0,0.24986952740627272
182415293,0.0,0.24986952740627272
182836983,0.0,0.24986952740627272
186656438,0.0,0.24986952740627272
187207758,0.0,0.24986952740627272
187854153,0.0,0.24986952740627272
188769955,0.0,0.24986952740627272
188959578,0.0,0.24986952740627272
189193490,0.0,0.24986952740627272
190891239,0.0,0.24986952740627272
192652390,0.0,0.24986952740627272
194471178,0.0,0.24986952740627272
194701830,0.0,0.24986952740627272
195153544,0.0,0.24986952740627272
196022740,0.0,0.24986952740627272
196715507,0.0,0.24986952740627272
197393197,0.0,0.24986952740627272
197758517,0.0,0.24986952740627272
197973008,0.0,0.24986952740627272
198447924,0.0,0.24986952740627272
200686143,0.0,0.24986952740627272
204579018,0.0,0.24986952740627272
204738925,0.0,0.24986952740627272
205643224,0.0,0.24986952740627272
208301122,0.0,0.24986952740627272
208344893,0.0,0.24986952740627272
208699374,0.0,0.24986952740627272
208902377,0.0,0.24986952740627272
209899987,0.0,0.24986952740627272
210731029,0.0,0.24986952740627272
210754075,0.0,0.24986952740627272
211150627,0.0,0.24986952740627272
212892346,0.0,0.24986952740627272
213598268,0.0,0.24986952740627272
214495700,0.0,0.24986952740627272
215853694,0.0,0.24986952740627272
217592927,0.0,0.24986952740627272
219246367,0.0,0.24986952740627272
220091640,0.0,0.24986952740627272
220705943,0.0,0.24986952740627272
221141773,0.0,0.24986952740627272
221865520,0.0,0.24986952740627272
222690466,0.0,0.24986952740627272
222947101,0.0,0.24986952740627272
223331673,0.0,0.24986952740627272
223863496,0.0,0.24986952740627272
223947817,0.0,0.24986952740627272
224634582,0.0,0.24986952740627272
225586718,0.0,0.24986952740627272
226176556,0.0,0.24986952740627272
226925761,0.0,0.24986952740627272
227795379,0.0,0.24986952740627272
228160667,0.0,0.24986952740627272
228637145,0.0,0.24986952740627272
229528018,0.0,0.24986952740627272
231416869,0.0,0.24986952740627272
231897779,0.0,0.24986952740627272
231938827,0.0,0.24986952740627272
232166627,0.0,0.24986952740627272
233417584,0.0,0.24986952740627272
234291150,0.0,0.24986952740627272
236570119,0.0,0.24986952740627272
237396642,0.0,0.24986952740627272
238446721,0.0,0.24986952740627272
238844793,0.0,0.24986952740627272
238953441,0.0,0.24986952740627272
239089306,0.0,0.24986952740627272
242955901,0.0,0.24986952740627272
244185936,0.0,0.2739858130585631
245663694,0.0,0.24986952740627272
246167290,0.0,0.24986952740627272
246517121,0.0,0.24986952740627272
247548273,0.0,0.24986952740627272
249611878,0.0,0.24986952740627272
249973007,0.0,0.24986952740627272
251006691,0.0,0.24986952740627272
251022142,0.0,0.24986952740627272
252174354,0.0,0.24986952740627272
253166865,0.0,0.24986952740627272
253914134,0.0,0.24986952740627272
256142127,0.0,0.24986952740627272
256142376,0.0,0.24986952740627272
256945170,0.0,0.24986952740627272
257255949,0.0,0.24986952740627272
257383414,0.0,0.24986952740627272
258916571,0.0,0.24986952740627272
259212844,0.0,0.24986952740627272
260248080,0.0,0.24986952740627272
262367325,0.0,0.24986952740627272
265528656,0.0,0.24986952740627272
268411157,0.0,0.24986952740627272
268815963,0.0,0.24986952740627272
269159590,0.0,0.24986952740627272
271667157,0.0,0.24986952740627272
271785588,0.0,0.24986952740627272
275109179,0.0,0.24986952740627272
275839615,0.0,0.24986952740627272
276590859,0.0,0.24986952740627272
279767009,0.0,0.24986952740627272
280126316,0.0,0.24986952740627272
280524020,0.0,0.24986952740627272
284400754,0.0,0.24986952740627272
289349185,0.0,0.24986952740627272
294088555,0.0,0.24986952740627272
298232198,0.0,0.24986952740627272
300398399,0.0,0.24986952740627272
303364101,0.0,0.24986952740627272
305220022,0.0,0.24986952740627272
308988516,0.0,0.24986952740627272
309043411,0.0,0.24986952740627272
312162211,0.0,0.24986952740627272
315031302,0.0,0.24986952740627272
315561137,0.0,0.24986952740627272
316086469,0.0,0.24986952740627272
317839629,0.0,0.24986952740627272
318399580,0.0,0.24986952740627272
319156718,0.0,0.24986952740627272
319473636,0.0,0.24986952740627272
319825205,0.0,0.24986952740627272
328909539,0.0,0.24986952740627272
329304353,0.0,0.24986952740627272
329312987,0.0,0.24986952740627272
332223437,0.0,0.24986952740627272
333280782,0.0,0.24986952740627272
334236224,0.0,0.24986952740627272
334459577,0.0,0.24986952740627272
334479890,0.0,0.24986952740627272
336144632,0.0,0.24986952740627272
343203509,0.0,0.24986952740627272
349039812,0.0,0.24986952740627272
349448401,0.0,0.24986952740627272
350330748,0.0,0.24986952740627272
350377919,0.0,0.24986952740627272
352678051,0.0,0.24986952740627272
357126360,0.0,0.24986952740627272
357383070,0.0,0.24986952740627272
359070278,0.0,0.24986952740627272
359288922,0.0,0.24986952740627272
360441762,0.0,0.24986952740627272
363107203,0.0,0.24986952740627272
375144977,0.0,0.24986952740627272
377198545,0.0,0.24986952740627272
380563953,0.0,0.24986952740627272
381468900,0.0,0.24986952740627272
384594515,0.0,0.24986952740627272
386087563,0.0,0.24986952740627272
386431455,0.0,0.24986952740627272
391444561,0.0,0.24986952740627272
393034449,0.0,0.24986952740627272
393356700,0.0,0.24986952740627272
398462669,0.0,0.24986952740627272
401258230,0.0,0.24986952740627272
404736140,0.0,0.24986952740627272
409321676,0.0,0.24986952740627272
414924439,0.0,0.24986952740627272
417711003,0.0,0.24986952740627272
420541004,0.0,0.24986952740627272
421811181,0.0,0.24986952740627272
422696003,0.0,0.24986952740627272
430578175,0.0,0.24986952740627272
446085340,0.0,0.24986952740627272
450408482,0.0,0.24986952740627272
456756505,0.0,0.24986952740627272
464509252,0.0,0.24986952740627272
467526643,0.0,0.24986952740627272
470609584,0.0,0.24986952740627272
475818253,0.0,0.24986952740627272
480508484,0.0,0.24986952740627272
485469503,0.0,0.24986952740627272
488380513,0.0,0.24986952740627272
489593010,0.0,0.24986952740627272
496531147,0.0,0.24986952740627272
499296802,0.0,0.24986952740627272
502338293,0.0,0.24986952740627272
504124805,0.0,0.24986952740627272
506207698,0.0,0.24986952740627272
514306582,0.0,0.24986952740627272
514484400,0.0,0.24986952740627272
535786811,0.0,0.24986952740627272
543453464,0.0,0.24986952740627272
543694824,0.0,0.24986952740627272
546677259,0.0,0.24986952740627272
548418338,0.0,0.24986952740627272
570041901,0.0,0.24986952740627272
612717180,0.0,0.24986952740627272
637455590,0.0,0.24986952740627272
648868543,0.0,0.24986952740627272
655852089,0.0,0.24986952740627272
671087297,0.0,0.24986952740627272
679553577,0.0,0.24986952740627272
736453983,0.0,0.24986952740627272
67216,0.0,0.26202879501400966
2167953,0.0,0.26202879501400966
8124987,0.0,0.26202879501400966
9002458,0.0,0.26202879501400966
15553797,0.0,0.26202879501400966
22398365,0.0,0.26202879501400966
49438873,0.0,0.26202879501400966
101200676,0.0,0.26202879501400966
104149964,0.0,0.26202879501400966
126142334,0.0,0.26202879501400966
164663928,0.0,0.26202879501400966
167853766,0.0,0.26202879501400966
168031532,0.0,0.26202879501400966
168171209,0.0,0.26202879501400966
172369438,0.0,0.26202879501400966
172998085,0.0015998534398553625,0.28780599596755396
176097238,0.0,0.26202879501400966
177347549,0.0,0.26202879501400966
185934442,0.0,0.26202879501400966
199521175,0.0,0.26202879501400966
210205419,0.0,0.26202879501400966
214328887,0.0,0.26202879501400966
216927849,0.0,0.26202879501400966
221914462,0.0,0.26202879501400966
232143324,0.0,0.26202879501400966
241368358,0.0,0.26202879501400966
247015495,0.0,0.26202879501400966
264698217,0.0,0.26202879501400966
267899329,0.0,0.26202879501400966
269068951,0.0,0.26202879501400966
272518386,0.0,0.26202879501400966
279369820,0.0,0.26202879501400966
280675528,0.0,0.26202879501400966
280975376,0.0,0.26202879501400966
281749572,0.0,0.26202879501400966
283780470,0.0,0.26202879501400966
292332097,0.0,0.26202879501400966
302139751,0.0,0.26202879501400966
324597596,0.0,0.26202879501400966
326092011,0.0,0.26202879501400966
328171303,0.0,0.26202879501400966
336464187,0.0,0.26202879501400966
336578240,0.0,0.26202879501400966
339989002,0.0,0.26202879501400966
383866554,0.0,0.26202879501400966
396469837,0.0,0.26202879501400966
400619338,0.0,0.26202879501400966
421603177,0.0,0.26202879501400966
422716339,0.0,0.26202879501400966
428599408,0.0,0.26202879501400966
440674043,0.0,0.26202879501400966
444741308,0.0,0.26202879501400966
449065619,0.0,0.26202879501400966
463186143,0.0,0.26202879501400966
530204971,0.0,0.26202879501400966
546540532,0.0,0.26202879501400966
551060218,0.0,0.26202879501400966
554854799,0.0,0.26202879501400966
565941816,0.0,0.26202879501400966
731720967,0.0,0.26202879501400966
740394498,0.0,0.26202879501400966
313669,0.0,0.25513391339571945
2551076,0.0,0.25513391339571945
2759754,0.0,0.25513391339571945
3175537,0.0,0.25513391339571945
5009280,0.0,0.25513391339571945
22781467,0.0,0.25513391339571945
26255066,0.0,0.25513391339571945
27848278,0.0,0.25513391339571945
29175137,0.0,0.25513391339571945
33125060,0.0,0.25513391339571945
47789897,0.0,0.25513391339571945
52585619,0.0,0.25513391339571945
55605069,0.0,0.25513391339571945
62615075,0.0,0.25513391339571945
66195850,0.0,0.25513391339571945
78664526,0.0,0.25513391339571945
86864645,0.0,0.25513391339571945
90730323,0.0,0.25513391339571945
96027921,0.0,0.25513391339571945
97361587,0.0,0.25513391339571945
101328856,0.0,0.25513391339571945
106680646,0.0,0.25513391339571945
108579411,0.0,0.25513391339571945
121340332,0.0,0.25513391339571945
126048584,0.0,0.25513391339571945
129307469,0.0,0.25513391339571945
133713312,0.0,0.25513391339571945
139404614,0.0,0.25513391339571945
145288393,0.0,0.25513391339571945
145585716,0.0,0.25513391339571945
145632920,0.0,0.25513391339571945
147389100,0.0,0.25513391339571945
147751992,0.0,0.25513391339571945
153516692,0.0,0.25513391339571945
155938320,0.0,0.25513391339571945
156663447,0.0,0.25513391339571945
166395377,0.0,0.25513391339571945
166447618,0.0,0.25513391339571945
167131386,0.0,0.25513391339571945
168615914,0.0,0.25513391339571945
168616458,0.0,0.25513391339571945
169110426,0.0,0.25513391339571945
173778580,0.0,0.25513391339571945
174267135,0.0,0.25513391339571945
176729124,0.0,0.25513391339571945
177718015,0.0,0.25513391339571945
179118998,0.0,0.25513391339571945
180578269,0.0,0.25513391339571945
185736131,0.0,0.25513391339571945
193468887,0.0,0.25513391339571945
198364314,0.0,0.25513391339571945
200907542,0.0,0.25513391339571945
205052285,0.0,0.25513391339571945
206575078,0.0,0.25513391339571945
207418924,0.0,0.25513391339571945
212484616,0.0,0.25513391339571945
217764842,0.0,0.25513391339571945
217886069,0.0,0.25513391339571945
218207992,0.0,0.25513391339571945
218403495,0.0,0.25513391339571945
224198901,0.0,0.25513391339571945
227656969,0.0,0.25513391339571945
230653895,0.0,0.25513391339571945
236749485,0.0,0.25513391339571945
246484858,0.0,0.25513391339571945
257007745,0.0,0.25513391339571945
257297325,0.0,0.25513391339571945
268569713,0.0,0.25513391339571945
270473836,0.0,0.25513391339571945
295903447,0.0,0.25513391339571945
296197411,0.0,0.25513391339571945
300823372,0.0,0.25513391339571945
303347219,0.0,0.25513391339571945
319676537,0.0,0.25513391339571945
332238940,0.0,0.25513391339571945
349501127,0.0,0.25513391339571945
374828136,0.0,0.25513391339571945
376243638,0.0,0.25513391339571945
378110194,0.0,0.25513391339571945
387153013,0.0,0.25513391339571945
395251504,0.0,0.25513391339571945
403819498,0.0,0.25513391339571945
416715628,0.0,0.25513391339571945
433887602,0.0,0.25513391339571945
476508707,0.0,0.25513391339571945
485906321,0.0,0.25513391339571945
494188910,0.0,0.25513391339571945
731951568,0.0,0.25513391339571945
787889623,0.0,0.25513391339571945
163067034,0.039264764604784716,0.20884888602739402
2578615,0.0,0.17275635898323288
25306912,0.0,0.17275635898323288
27628128,0.0,0.17275635898323288
56520360,0.0,0.17275635898323288
58813567,0.0,0.17275635898323288
73463419,0.0,0.17275635898323288
86192903,0.0,0.17275635898323288
88636303,0.0,0.17275635898323288
98150113,0.0,0.17275635898323288
102269315,0.0,0.17275635898323288
102630835,0.0,0.17275635898323288
104522695,0.0,0.17275635898323288
104957337,0.0,0.17275635898323288
104987715,0.0,0.17275635898323288
125392070,0.0,0.17275635898323288
133329982,0.0,0.17275635898323288
136746933,0.0,0.17275635898323288
138297053,0.0,0.17275635898323288
142160245,0.0,0.17275635898323288
143541537,0.0,0.17275635898323288
151394864,0.0,0.17275635898323288
152604291,0.0,0.17275635898323288
157929614,0.0,0.17275635898323288
160333098,0.0,0.17275635898323288
162467641,0.0,0.17275635898323288
164815229,0.0,0.17275635898323288
175290161,0.0,0.17275635898323288
179440382,0.0,0.17275635898323288
185362653,0.0,0.17275635898323288
189448361,0.0,0.17275635898323288
189771249,0.0,0.17275635898323288
193148481,0.0,0.17275635898323288
200372810,0.0,0.17275635898323288
210299908,0.0,0.17275635898323288
224381754,0.0,0.17275635898323288
227205596,0.0,0.17275635898323288
228620383,0.0,0.17275635898323288
243305588,0.0,0.17275635898323288
250801467,0.0,0.17275635898323288
258101514,0.0,0.17275635898323288
259894174,0.0,0.17275635898323288
265011645,0.0,0.17275635898323288
265091990,0.0,0.17275635898323288
275565111,0.0,0.17275635898323288
298603462,0.0,0.17275635898323288
316188826,0.0,0.17275635898323288
328015668,0.0,0.17275635898323288
329546120,0.0,0.17275635898323288
329595436,0.0,0.17275635898323288
344618113,0.0,0.17275635898323288
346407649,0.0,0.17275635898323288
347536254,0.0,0.17275635898323288
366825932,0.0,0.17275635898323288
391687224,0.0,0.17275635898323288
428935993,0.0,0.17275635898323288
475161046,0.0,0.17275635898323288
638194925,0.0,0.17275635898323288
647798,0.0,0.2467969207832529
4874545,0.0,0.2467969207832529
43602474,0.0,0.2467969207832529
62810457,0.0,0.2467969207832529
64076539,0.0,0.2467969207832529
66175116,0.0,0.2467969207832529
68996684,0.0,0.2467969207832529
77334374,0.0,0.2467969207832529
120044373,0.0,0.2467969207832529
124261474,0.0,0.2467969207832529
126194721,0.0,0.2467969207832529
130266634,0.0,0.2467969207832529
133087822,0.0,0.2467969207832529
135891180,0.0,0.2467969207832529
144900018,0.0,0.2467969207832529
145440556,0.0,0.2467969207832529
145513662,0.0,0.2467969207832529
146467249,0.0,0.2467969207832529
147497137,0.0,0.2467969207832529
151158633,0.0,0.2467969207832529
151314346,0.0,0.2467969207832529
155251903,0.0,0.2467969207832529
158772734,0.0,0.2467969207832529
159815306,0.0,0.2467969207832529
160920290,0.0,0.2467969207832529
174394606,0.0,0.2467969207832529
192018960,0.0,0.2467969207832529
195135042,0.0,0.2467969207832529
195410990,0.0,0.2467969207832529
196354379,0.0,0.2467969207832529
197158628,0.0,0.2467969207832529
202673937,0.0,0.2467969207832529
221637040,0.0,0.2467969207832529
222233696,0.0,0.2467969207832529
222982741,0.0,0.2467969207832529
224294121,0.0,0.2467969207832529
236280766,0.0,0.2467969207832529
245722815,0.0,0.2467969207832529
250692096,0.0,0.2467969207832529
272363136,0.0,0.2467969207832529
283439818,0.0,0.2467969207832529
285431175,0.0,0.2467969207832529
286233811,0.0,0.2467969207832529
300669197,0.0,0.2467969207832529
307019246,0.0,0.2467969207832529
352504222,0.0,0.2467969207832529
381615156,0.0,0.2467969207832529
384030715,0.0,0.2467969207832529
385936140,0.0,0.2467969207832529
390240730,0.0,0.2467969207832529
398373287,0.0,0.2467969207832529
482654594,0.0,0.2467969207832529
517946355,0.0,0.2467969207832529